13 0.6758286050909993 0.35176738882554165 0.6475366632561312 0.22519954389965793 
13 0.6750534833968934 0.5631194632049821 0.6490869066443431 0.13259801771774407 
13 0.6766037267851053 0.7233137444083853 0.6459864198679193 0.12406806420489438 
13 0.6745108982110191 0.8482150688536093 0.638700275943323 0.07126567844925884 
13 0.20943788174743433 0.7029427243224278 0.3069481908659659 0.08771160424524163 
13 0.1947105695594208 0.5346460836768704 0.28679502681921065 0.17651960354354884 
1 0.6766037267851053 0.35389439522848876 0.6459864198679193 0.21410402596263486 
0 0.6789290918674232 0.5633935619682484 0.6413356897032835 0.11779668450135955 
2 0.6789290918674232 0.7253640031576177 0.6413356897032835 0.11939742127883518 
5 0.5396397234365795 0.846570476274011 0.35345549251232455 0.05481975265327605 
3 0.20401202988869255 0.7012981317428295 0.3022974607013301 0.08222962897991408 
4 0.19238520447710294 0.5351942812034033 0.2790438098781509 0.16884483817209026 
14 0.2016866648063746 0.10431102534865362 0.2759433231017269 0.17980878870274536 
14 0.5644436176479707 0.04729848258924656 0.41236474126437844 0.04166301201648979 
14 0.6597835860230057 0.137751074467152 0.5999441912380244 0.1392421717393211 
14 0.21873934207670603 0.31591527059029906 0.2418379685610641 0.20612226997631788 
8 0.20633739497101042 0.1086966055609157 0.23873748178464013 0.16445925795982808 
7 0.5714197128949245 0.04949127269537759 0.42321644498186217 0.04166301201648979 
9 0.6745108982110191 0.13555828436102096 0.6231978420612037 0.13266380142092798 
10 0.21021300344154029 0.311529690378037 0.22478529129073263 0.19077273923340057 
