13 0.6694881096332124 0.33264625910007894 0.609245651567296 0.21708622050697307 
13 0.6563110408334109 0.6056486273133936 0.5921929742969646 0.20831506008244896 
13 0.6393048708647258 0.8764253135689852 0.5488791740303228 0.24771949828962372 
13 0.18038632065234242 0.4779186036312604 0.3565559792887483 0.09977194982896237 
13 0.18658729420519016 0.8112226997631786 0.35035500573590056 0.12169985089027271 
13 0.16643413015843492 0.9405973160249101 0.3286515983009333 0.06907288834312769 
4 0.647784702198245 0.33483904920621 0.5627383499209376 0.21270064029471097 
1 0.6578612842216228 0.604552232260328 0.5642885933091496 0.20831506008244896 
2 0.649334945586457 0.8748136128409789 0.5317334821566986 0.24668888693974209 
3 0.16565900846432885 0.9433383036575739 0.3209003813598734 0.06578370318393116 
5 0.17728583387591848 0.8095781071835804 0.3441540321830526 0.1096395053065521 
0 0.17108486032307071 0.4773704061047277 0.3379530586302049 0.09209718445750374 
14 0.14473072272346754 0.0930839400052627 0.2821442966545747 0.18090518375581088 
14 0.6599541127957089 0.06632093675993334 0.6800917744085822 0.05720989386895887 
14 0.6594115276098347 0.12597579159722833 0.6666046569311382 0.053723357600210526 
14 0.1819365640405543 0.29975440750811333 0.3348525718537809 0.14910972721691082 
14 0.15790779152326914 0.6467634418033505 0.2867950268192106 0.13266380142092796 
8 0.1594580349114811 0.09253574247872993 0.26199113260781953 0.1820015788088764 
7 0.6617368926921526 0.06841505131128849 0.6650544135429263 0.052626962547144995 
9 0.6555359191393049 0.12323480396456452 0.6619539267665024 0.052626962547144995 
10 0.17806095557002444 0.2948206297693185 0.2991969739249062 0.13266380142092798 
6 0.15480730474684523 0.6462152442768179 0.2588906458313955 0.12279624594333836 
