13 0.6911605122004154 0.30495132005964387 0.5704895668619973 0.23682133146215248 
13 0.6919356338945214 0.5253267257258135 0.5596378631445136 0.11402508551881414 
13 0.6764332000124019 0.684304008420314 0.5348339689331226 0.13814577668625563 
13 0.6849595386475676 0.858082624331199 0.5611881065327257 0.14801333216384524 
13 0.2028338449136514 0.9441496359968423 0.3317520850773571 0.10086834488202788 
13 0.19818311474901562 0.6684062801508639 0.35345549251232444 0.38264187351986667 
13 0.20903481846649927 0.3965003069906149 0.33175208507735715 0.09538636961670033 
1 0.6965863640591572 0.30659591263924213 0.5348339689331226 0.2137970353477765 
0 0.6919356338945214 0.5253267257258135 0.5410349424859704 0.10306113498815897 
2 0.6888351471180976 0.6854004034733795 0.5100300747217312 0.13814577668625563 
5 0.6872849037298856 0.8613718094903956 0.519331535051003 0.14582054205771433 
3 0.2067094533841813 0.3959521094640821 0.3022974607013301 0.08990439435137272 
4 0.2012836015254395 0.6733400578896588 0.35035500573590056 0.38593105867906324 
11 0.19430750627848564 0.9441496359968423 0.3084984342541779 0.08990439435137265 
14 0.1726040988435184 0.10431102534865362 0.18447896319722204 0.14910972721691082 
14 0.6020215173782284 0.07087097623015524 0.44491985241682946 0.047144987281817395 
14 0.5369112950733265 0.11966055609157092 0.550336402815242 0.03727743180422772 
14 0.22763773912504262 0.258902727830892 0.2666418627724552 0.12060345583720727 
14 0.5756673797786253 0.9671739321112184 0.3705081697826558 0.028506271379703536 
8 0.17958019409047216 0.10540742040171915 0.16742628592689046 0.1337601964739935 
7 0.5857439618020028 0.07306376633628628 0.3968623073822591 0.049337777387948416 
9 0.5283849564381609 0.11637137093237436 0.5332837255449107 0.02412069116744146 
10 0.22686261743093666 0.25561354267169545 0.2557901590549717 0.1118322954126831 
6 0.5609400675906118 0.9677221296377511 0.35345549251232455 0.03398824664503109 
