13 0.2722227389700183 0.38088764143496184 0.491427154063188 0.25655644241733183 
13 0.759340216413977 0.38472502412069115 0.47970731404830563 0.2510744671520042 
13 0.7434967289864509 0.5683711955091658 0.44491985241682946 0.05043417244101401 
13 0.759340216413977 0.6782847995789844 0.47970731404830563 0.10580212262082275 
13 0.7186928347750596 0.8046443294447856 0.39531206399404695 0.09100078940443829 
13 0.2574954267820047 0.7728488729058853 0.4650730164635847 0.4352688360670116 
0 0.2644715220289585 0.375953863696167 0.4697237466282207 0.24230330672748004 
4 0.7512479459275107 0.38472502412069115 0.4666232598517967 0.2510744671520042 
1 0.25284469661736897 0.7695596877466889 0.44026912225219367 0.43088325585474957 
11 0.7264440517161194 0.5683711955091658 0.41701547142901424 0.04824138233488299 
5 0.741946485598239 0.6763661082361196 0.4418193656404056 0.09538636961670033 
3 0.7217933215514836 0.8013551442855891 0.4015130375468949 0.07565125866152088 
14 0.708616252751682 0.9038680817472151 0.39066133382941115 0.046048592228751836 
14 0.8783679037608905 0.0821199894746075 0.21238334418503715 0.1436277519515832 
14 0.2342417759588255 0.04100517498465047 0.4061637677115308 0.037277431804227705 
14 0.3900412364741265 0.10624068064204895 0.7301646358478282 0.10415753004122445 
14 0.4210461042383653 0.1895667046750285 0.7797724242706104 0.06249451802473469 
7 0.22261495054723587 0.03826418735198667 0.3705081697826558 0.0317954565389001 
9 0.39081635816823235 0.0958249276379265 0.7224134189067684 0.0920971844575037 
8 0.8783679037608905 0.07773440926234541 0.1689765293151026 0.12608543110253487 
10 0.40554367035624594 0.18737391456889746 0.7394660961770999 0.06249451802473469 
6 0.70706600936347 0.9044162792737479 0.3751588999472916 0.04933777738794837 
