13 0.6938889405636685 0.4677659854398737 0.5875422441323288 0.09977194982896237 
13 0.679161628375655 0.6854004034733795 0.5301832387684866 0.2982194544338217 
13 0.5845967816947261 0.8871370932374353 0.31624965119523774 0.06139812297166911 
13 0.22339007224134183 0.6552495395140778 0.24493845533748798 0.05810893781247258 
0 0.6822621151520789 0.4688623804929392 0.5673890800855734 0.10415753004122441 
4 0.6582333426347936 0.6854004034733795 0.47282423340464447 0.2982194544338217 
4 0.22339007224134189 0.6525085518814139 0.2294360214553685 0.05262696254714503 
3 0.5791709298359843 0.8860406981843698 0.2836945400427867 0.06359091307780014 
14 0.2078876383592224 0.2885053942636611 0.2573404024431836 0.212700640294711 
14 0.5489411837658512 0.32304183843522494 0.272842836325303 0.036181036751162174 
14 0.1993612997240567 0.45022366459082536 0.30849843425417794 0.06907288834312775 
14 0.15285399807769817 0.5543811946320498 0.1999813970793414 0.08880799929830714 
14 0.15052863299538027 0.7435093412858521 0.10851703717483648 0.05481975265327605 
8 0.19703593464173874 0.28795719673712833 0.24493845533748798 0.21379703534777655 
9 0.19781105633584467 0.4474826769581616 0.2991969739249062 0.0679764932900623 
10 0.1513037546894862 0.5499956144197877 0.18447896319722196 0.08661520919217618 
6 0.15362911977180416 0.7424129462327865 0.09301460329271694 0.05043417244101401 
7 0.5528167922363811 0.3219454433821594 0.2836945400427867 0.036181036751162174 
