13 0.2853998077698199 0.3213972458556267 0.4340681486993459 0.21489343040084202 
13 0.7644250147273122 0.47050697307253747 0.4433696090286175 0.5043417244101395 
13 0.3001271199578333 0.5231339356196825 0.4604222862989489 0.15130251732304184 
13 0.2768734691346541 0.7851723533023419 0.45422131274610117 0.32891851591965615 
13 0.7752767184447958 0.7764011928778178 0.33795305863020497 0.061398122971669244 
0 0.2869500511580318 0.3153670730637664 0.42786717514649797 0.2006402947109903 
1 0.2978017548755154 0.5165555653012894 0.4557715561343131 0.1293746162617314 
2 0.7644250147273122 0.4737961582317341 0.44026912225219367 0.5043417244101395 
3 0.7667503798096301 0.7753047978247521 0.2929960003720583 0.05481975265327605 
4 0.2947012680990916 0.7873651434084729 0.47747496356928043 0.3245329357073941 
14 0.5032090038135987 0.05661784054030348 0.36120670945338423 0.03618103675116217 
14 0.5132855858369765 0.15584159284273308 0.8991411651629305 0.05920533286553813 
14 0.5101850990605525 0.07964213665467941 0.5053793445570954 0.023024296114375935 
14 0.49933339534306886 0.10814840803438294 0.4650730164635847 0.03398824664503114 
7 0.5032090038135987 0.05826243311990176 0.35810622267696035 0.03289185159196561 
9 0.5016587604253868 0.07744934654854838 0.4914271540631879 0.02521708622050697 
10 0.5148358292251884 0.11143759319357951 0.44957058258146526 0.036181036751162174 
9 0.5094099773664466 0.151456012630471 0.8789880011161751 0.048241382334882905 
