13 0.6512572473878399 0.2906981843697921 0.6821070908132576 0.15568809753530394 
13 0.6580008061265619 0.529569774581177 0.6831922611850061 0.24530742917287962 
13 0.6611012929029858 0.8292583983861065 0.6769912876321583 0.2833304096131919 
13 0.16603106687749977 0.4365187264275064 0.2635413759960314 0.10086834488202795 
13 0.16370570179518187 0.643189193930357 0.2526896722785478 0.27958073853170773 
13 0.16730226645583357 0.9319138672046312 0.26918426192912287 0.13560214016314356 
0 0.6473816389173099 0.2868608016840628 0.6836573342014697 0.1480133321638453 
1 0.654900319350138 0.5301399000087711 0.6893932347378539 0.24644768002806774 
2 0.6551328558583698 0.8262871677922989 0.6681549003193501 0.27519515831944574 
3 0.1629305801010759 0.4365187264275064 0.2604408892196075 0.09428997456363476 
4 0.16913155365392363 0.6415446013507587 0.2666418627724552 0.2762915533725112 
5 0.16917806095557 0.9324620647311639 0.27913682448144367 0.13450574511007807 
14 0.16913155365392363 0.8229979826331023 0.2604408892196075 0.05153056749407952 
6 0.17300716212445347 0.8246425752127007 0.27129259293709107 0.05481975265327605 
14 0.1784330139831953 0.12897991404262785 0.2604408892196074 0.09100078940443823 
14 0.6587759278206679 0.14065652135777562 0.6816420177967941 0.05734146127532674 
14 0.16913155365392363 0.28357161652486623 0.2573404024431836 0.1699412332251557 
14 0.1784330139831953 0.18763704938163317 0.2542399156667597 0.021927901061310408 
7 0.17533252720677142 0.18708885185510044 0.2542399156667597 0.020831506008244897 
10 0.16835643195981767 0.28357161652486623 0.2557901590549717 0.17213402333128672 
8 0.15207887638359222 0.12788351898956232 0.20463212724397736 0.09538636961670029 
9 0.6572256844324559 0.14067844925883694 0.6847425045732181 0.05957810718358039 
