13 0.3210554056986947 0.2616437154635558 0.5704895668619973 0.16117007280063153 
13 0.7954298824915511 0.295631962108587 0.35345549251232433 0.22695377598456276 
13 0.7969801258797631 0.6333216384527673 0.35345549251232433 0.37167792298921143 
13 0.7962050041856571 0.8942636610823612 0.34880476234768854 0.0778440487676519 
13 0.3040027284283632 0.9090649942987458 0.5301832387684866 0.11183229541268312 
13 0.3264812575574365 0.5933032190158758 0.581341270579481 0.44952197175686337 
0 0.31020370198121106 0.9112577844048768 0.54878615942703 0.12279624594333823 
1 0.3249310141692246 0.25945092535742476 0.5782407838030572 0.1655556530128936 
2 0.32415589247511856 0.5916586264362775 0.585992000744117 0.45281115691606 
3 0.808374414783121 0.8923888255416191 0.3824450438718879 0.080672748004561 
4 0.7962050041856571 0.6344180335058328 0.3674076830062321 0.3804490834137356 
5 0.807599293089015 0.29628979914042625 0.38399528726009985 0.2392334005788966 
14 0.20866276005332834 0.05881063064643453 0.34880476234768854 0.03618103675116218 
14 0.310978823675317 0.09005788965880186 0.547235916038818 0.028506271379703536 
14 0.8868942423960562 0.0922506797649329 0.18602920658543406 0.11841066573107621 
14 0.37686416767432485 0.1185641610385054 0.6976095246953772 0.037277431804227684 
14 0.7954298824915511 0.9753968950092097 0.33795305863020497 0.040566616963424285 
6 0.7874616314761418 0.977962459433383 0.3251170433758101 0.0435049557056399 
7 0.2032369081945866 0.05716603806683625 0.34105354540662886 0.04385580212262082 
8 0.8907698508665861 0.09115428471186739 0.19378042352649374 0.12498903604946934 
9 0.31252906706352895 0.09005788965880186 0.5565373763680898 0.02412069116744146 
10 0.38073977614485477 0.11801596351197263 0.7177626887421326 0.038373826857293215 
