13 0.6855331287012062 0.46988202789229017 0.6289337425975878 0.1714104025962635 
13 0.6785570334542523 0.6343083940005263 0.6428859330914954 0.10994649592141038 
13 0.6160047127399001 0.7657223050609595 0.47747496356928026 0.10744671520042096 
13 0.5663969243171177 0.8687834400491186 0.37205841317086774 0.04824138233488299 
13 0.4330759929308901 0.9559468467678273 0.11471801072768413 0.07345846855539 
13 0.2292189873810188 0.8479519340408737 0.2619911326078194 0.10086834488202788 
13 0.19588875453446186 0.6297693184808351 0.3007472173131181 0.21050785018857998 
0 0.68344030012712 0.467502850627138 0.6309490590022635 0.1688448381720902 
2 0.6764642048801661 0.6325103061134988 0.638700275943323 0.10415753004122441 
4 0.6167798344340061 0.7701078852732216 0.47282423340464447 0.11402508551881414 
11 0.557870585681952 0.8693316375756514 0.34570427557126465 0.04495219717568646 
3 0.4307506278485722 0.9537540566616963 0.11316776733947219 0.07345846855538986 
5 0.22844386568691283 0.8495965266204719 0.2666418627724552 0.11292869046574863 
4 0.19046290267572 0.627576528374704 0.3177998945834496 0.2148934304008421 
14 0.5981769137754628 0.09253574247872995 0.44491985241682946 0.048241382334882905 
14 0.4919852416829442 0.1347469520217525 0.27594332310172687 0.03618103675116219 
14 0.6785570334542523 0.3092053328655381 0.6428859330914954 0.10222787474782914 
14 0.1765107121818125 0.35567055521445484 0.24958918550212386 0.12498903604946938 
14 0.1865872942051902 0.14625910007894044 0.3069481908659659 0.20392947987018684 
7 0.5981769137754628 0.0914393474256644 0.45422131274610106 0.05262696254714498 
10 0.18116144234644835 0.36060433295324973 0.2557901590549715 0.13047101131479694 
8 0.19278826775803806 0.1440663099728094 0.2790438098781509 0.20612226997631788 
9 0.6808823985365703 0.3090628015086396 0.6382352029268595 0.10194281203403212 
9 0.4919852416829442 0.13529514954828525 0.272842836325303 0.04385580212262083 
