13 0.5140607075310824 0.3548372949741251 0.9130933556568381 0.1436277519515832 
13 0.5332062133754999 0.5938514165424086 0.93278144668713 0.288351898956232 
13 0.5440579170929837 0.8300149109727217 0.9110780392521626 0.11819138672046316 
13 0.2846246860757139 0.9512762038417683 0.39841255077047094 0.08222962897991408 
0 0.5254549964344403 0.35276510832383123 0.9482838805692494 0.14167616875712657 
1 0.5308808482931822 0.5918998333479519 0.9374321768517656 0.28883431277958077 
4 0.5380894800483677 0.8273835628453644 0.9084426254922021 0.11731427067801067 
11 0.2869500511580318 0.9556617840540302 0.4092642544879545 0.08661520919217612 
14 0.1559544848541221 0.09773265503026052 0.24338821194927604 0.160073677747566 
14 0.4520509720026044 0.07525655644241733 0.32710135491272146 0.09100078940443819 
14 0.8393792825473599 0.0986865187264275 0.32043530834340994 0.13786071397245858 
14 0.5163860726134003 0.21833611086746776 0.9394474932564412 0.07236207350232435 
14 0.6822621151520789 0.9474388211560391 0.26664186277245544 0.0679764932900623 
7 0.45515145877902835 0.07361196386281905 0.3302018416891451 0.09209718445750374 
6 0.6752860199051252 0.9436014384703096 0.24338821194927604 0.07126567844925884 
10 0.8393792825473599 0.0972940970090343 0.32043530834340994 0.15261819138672045 
8 0.14820326791306232 0.09499166739759671 0.24028772517285216 0.16336286290676255 
9 0.5179363160016123 0.217787913340935 0.9456484668092889 0.06688009823699677 
