13 0.5070846122841286 0.16296816068765896 0.9797538213499519 0.053723357600210506 
13 0.5060769540817909 0.3018704499605298 0.9870399652745482 0.16706867818612403 
13 0.5055343688959167 0.5083326024032979 0.9859547949027998 0.19186913428646604 
13 0.5053018323876849 0.6858718533461977 0.98859020866276 0.11058240505218847 
13 0.5068520757758969 0.8516467853697044 0.9854897218863362 0.08690027190597316 
0 0.49778315195485695 0.15967897552846244 0.9642513874678326 0.051530567494079485 
1 0.496232908566645 0.297824752214718 0.9673518742442564 0.16117007280063148 
2 0.5032090038135987 0.5077844048767652 0.9813040647381638 0.19735110955179372 
4 0.5029764673053669 0.6853675116217876 0.9932409388273961 0.11615209192176128 
5 0.5053018323876849 0.8498596614332077 0.98859020866276 0.08990439435137278 
13 0.49933339534306886 0.7681782299798263 0.9673518742442564 0.025217086220507005 
3 0.4985582736489629 0.7676300324532935 0.9720026044088922 0.030699061485834556 
14 0.43577341642637896 0.022629593895272346 0.27594332310172703 0.02740987632663801 
14 0.43809878150869686 0.045105692483115516 0.31469940780702577 0.017542320849048332 
14 0.4249217127088952 0.06100342075256557 0.5611881065327256 0.023024296114375925 
14 0.4218212259324714 0.08786509955267081 0.6480017362725948 0.035084641698096664 
14 0.8713918085139366 0.0631962108586966 0.1953306669147057 0.12169985089027278 
14 0.3016773633460453 0.9562099815805631 0.578240783803057 0.06797649329006218 
7 0.4373236598145909 0.02153319884220682 0.27284283632530315 0.02740987632663802 
9 0.4396490248969088 0.04400929743005 0.3240008681362974 0.01973511095517937 
10 0.4264719560971072 0.05826243311990176 0.5642885933091495 0.021927901061310408 
9 0.4218212259324714 0.08622050697307254 0.6542027098254425 0.036181036751162174 
8 0.8690664434316187 0.06155161827909832 0.19067993675006986 0.12060345583720727 
6 0.2985768765696214 0.9545653890009648 0.5844417573559048 0.07126567844925884 
