13 0.26679688711127647 0.42529164108411543 0.4929773974514 0.31027980001754235 
13 0.2714476172759123 0.7805236382773441 0.4929773974513999 0.3300149109727217 
13 0.7489225808451927 0.3310016665204807 0.44957058258146526 0.11950706078414172 
13 0.7577899730257651 0.5596000350846417 0.4828078008247295 0.2719059731602491 
13 0.759340216413977 0.7649329006227523 0.47970731404830563 0.06420489430751697 
13 0.759340216413977 0.8688163319007105 0.47970731404830563 0.07023506709937734 
0 0.27067249558180634 0.4225506534514516 0.47282423340464447 0.3026050346460837 
1 0.2745481040523362 0.7799754407508113 0.48677642389855214 0.3311113060257872 
2 0.7566737977862524 0.5601482326111745 0.47127399001643255 0.26642399789492155 
3 0.759340216413977 0.8656038943952284 0.47970731404830563 0.07038856240680648 
5 0.7613245279508882 0.7640777124813612 0.47127399001643255 0.0668800982369968 
4 0.7473723374569807 0.32935707394088237 0.44957058258146526 0.12060345583720727 
14 0.8760425386785724 0.08705376721340234 0.20153164046755323 0.1315674063678625 
14 0.2249403156295538 0.036071397245855626 0.3875608470529874 0.03837382685729322 
14 0.39624221002697424 0.10898166827471276 0.7177626887421327 0.10306113498815894 
14 0.43654853812048494 0.202175247785282 0.8076768052584256 0.052626962547144995 
14 0.6497070039996279 0.9608806245066221 0.24493845533748798 0.037277431804227754 
7 0.22106470715902396 0.03661959477238839 0.3922115772176232 0.043855802122620816 
6 0.6512572473878399 0.9603324269800895 0.2511394288903359 0.040566616963424285 
10 0.4373236598145909 0.19998245767915096 0.8154280221994854 0.05701254275940707 
8 0.8775927820667846 0.08760196473993509 0.20153164046755342 0.13704938163319005 
9 0.39624221002697424 0.10952986580124549 0.7208631755185565 0.10635032014735549 
