13 0.6625120143862586 0.34032102447153756 0.6449012494961709 0.18200157880887646 
13 0.6692555731249806 0.7396719586001227 0.6614888537500389 0.509253574247873 
13 0.13542926239419584 0.5815279361459521 0.2511394288903358 0.05043417244101401 
13 0.14473072272346754 0.6900710463994386 0.2728428363253031 0.0526269625471449 
13 0.16875949524075282 0.8205420577142355 0.32710135491272135 0.061398122971669244 
1 0.6470095805041391 0.33703183931234104 0.6293988156140514 0.17761599859661434 
2 0.6648373794685766 0.7426980089465837 0.6495519796608067 0.5131128848346637 
3 0.14085511425293767 0.5826243311990177 0.2588906458313956 0.05043417244101401 
11 0.162558521687905 0.6900710463994386 0.3177998945834496 0.061398122971669244 
4 0.16023315660558704 0.8188974651346373 0.3193501379716616 0.06468730813086578 
14 0.648559823892351 0.0749934216296816 0.6138963817319318 0.13156740636786246 
14 0.6663876228567884 0.17092798877291462 0.4759247201810685 0.03837382685729323 
14 0.18116144234644835 0.10240329795631962 0.24338821194927604 0.16226646785369703 
14 0.17108486032307071 0.2674107534426805 0.32555111152450944 0.06468730813086568 
14 0.16875949524075282 0.43296640645557405 0.33020184168914524 0.11073590035961761 
7 0.6462344588100332 0.07608981668274713 0.609245651567296 0.13156740636786246 
9 0.6656125011626826 0.17312077887904573 0.4836759371221282 0.04056661696342425 
9 0.17573559048770657 0.266314358389615 0.3193501379716616 0.07126567844925887 
8 0.1765107121818125 0.10185510042978686 0.2526896722785477 0.1809051837558109 
10 0.16565900846432885 0.43296640645557405 0.3240008681362973 0.10854311025348659 
