13 0.30632809351068113 0.40856065257433555 0.5193315350510029 0.2094114551355144 
13 0.30322760673425725 0.7648890448206297 0.5193315350510029 0.4221120954302254 
13 0.800080612656187 0.3394877642312078 0.3968623073822591 0.24230330672748004 
13 0.7884537872445975 0.5340978861503377 0.38911109044119924 0.06139812297166911 
13 0.7869035438563854 0.702942724322428 0.3798096301119274 0.21489343040084202 
13 0.7582240411744643 0.8717875624945182 0.3007472173131182 0.041663012016489795 
0 0.30322760673425725 0.41020524515393386 0.5193315350510029 0.21489343040084202 
2 0.3063280935106812 0.7605034646083677 0.5379344557095465 0.4155337251118323 
4 0.7946547607974452 0.3383913691781423 0.4015130375468947 0.24449609683361112 
3 0.7845781787740675 0.5291641084115429 0.3813598735001394 0.04933777738794843 
5 0.7830279353858556 0.70732830453469 0.37205841317086774 0.22147180071923508 
11 0.7745015967506899 0.8723357600210508 0.34570427557126465 0.044952197175686326 
14 0.7667503798096301 0.9441496359968423 0.32710135491272124 0.030699061485834556 
14 0.30865345859299903 0.23971581440224543 0.5208817784392149 0.06030172791860364 
14 0.27144761727591227 0.08457591439347426 0.43406814869934573 0.043855802122620816 
14 0.37221343750968894 0.13610648188755373 0.641800762719747 0.03289185159196563 
14 0.8690664434316187 0.11198579072011226 0.21238334418503696 0.14253135689851767 
7 0.2722227389700183 0.08347951934040873 0.4480203391932534 0.048241382334882905 
10 0.36756270734505314 0.13555828436102096 0.6387002759433231 0.038373826857293215 
9 0.30865345859299903 0.23971581440224543 0.5270827519920627 0.05591614770634156 
8 0.8698415651257246 0.10979300061398123 0.22013456112609683 0.14033856679238663 
6 0.7636498930332062 0.9446978335233752 0.3240008681362974 0.038373826857293264 
