13 0.2478219080395622 0.4121349004473292 0.4170154714290144 0.29493026927462507 
13 0.7276222366911604 0.43790018419436894 0.4743744767928566 0.37058152793614596 
13 0.7470002790438098 0.7821682308569424 0.4759247201810685 0.19954389965792474 
13 0.2586736117570458 0.8117708972897114 0.42321644498186206 0.34426804666257343 
13 0.6121291042693703 0.9543022541882291 0.20928285740861327 0.07016928339619333 
0 0.2478219080395622 0.4104903078677309 0.4201159582054383 0.29602666432769054 
1 0.2602238551452578 0.815060082448908 0.43561839208755776 0.3530392070870977 
4 0.743899792267386 0.7810718358038768 0.46972374662822075 0.1951583194456627 
3 0.6144544693516882 0.9553986492412946 0.2108331007968252 0.07236207350232447 
2 0.7283973583852664 0.43899657924743446 0.4821256937339163 0.37715989825453905 
14 0.16643413015843486 0.09856591527059029 0.20463212724397728 0.1436277519515832 
14 0.4609803739187052 0.07060784141741952 0.38135987350013945 0.03947022191035874 
14 0.467181347471553 0.13748793965441627 0.35965646606517226 0.0855188141391106 
14 0.8227296685579636 0.11600956056486274 0.3545406628840729 0.16535830190334183 
7 0.4609803739187052 0.06951144636435401 0.38135987350013945 0.041663012016489774 
8 0.16875949524075282 0.09527673011139375 0.21238334418503704 0.14582054205771425 
9 0.4633057390010231 0.14022892728708006 0.35810622267696035 0.09757915972283132 
10 0.8214119616779835 0.11720463117270415 0.35500573590053647 0.16994123322515567 
