13 0.5097510309118531 0.27165380229804403 0.9788856850525534 0.19215419700026315 
13 0.5084023191641087 0.5399964915358302 0.9823892351099123 0.2968599245680204 
13 0.5132855858369764 0.7615998596614332 0.9611509006914085 0.08003683887378292 
13 0.5094099773664466 0.8657573897026576 0.972002604408892 0.08661520919217612 
13 0.15905497163054597 0.9545653890009649 0.2464886987256999 0.03398824664503109 
1 0.5084023191641087 0.26770678010700816 0.9823892351099123 0.1886457328304535 
2 0.5055343688959167 0.5351942812034033 0.9859547949027998 0.28944829400929745 
4 0.5161535361051686 0.7592535742478729 0.9668868012277928 0.0841154284711868 
0 0.5063094905900226 0.8668537847557233 0.9720026044088922 0.08661520919217612 
3 0.16138033671286386 0.9556617840540302 0.24493845533748798 0.04056661696342415 
14 0.4985582736489629 0.03414174195246031 0.3364028152419929 0.03289185159196562 
14 0.5117353424487644 0.0812867292342777 0.6200973552847798 0.06139812297166915 
7 0.5008836387312808 0.03249714937286203 0.3565559792887484 0.03618103675116218 
10 0.5117353424487644 0.08019033418121216 0.6200973552847798 0.059205332865538106 
