13 0.29197283973583854 0.311529690378037 0.5348339689331225 0.1754232084904833 
13 0.29119771804173256 0.5549293921585826 0.5332837255449105 0.24120691167441446 
13 0.306700151923852 0.7922989211472677 0.5177812916627911 0.15678449258836943 
13 0.22763773912504268 0.9534689939478993 0.3658574396180201 0.07345846855538986 
13 0.7922673859795988 0.7118783440049118 0.41304684835519184 0.2546925708271205 
1 0.2911977180417325 0.3109814928515043 0.5425851858741823 0.1787123936496798 
0 0.28964747465352064 0.5549293921585826 0.5363842123213345 0.24339970178054562 
2 0.30825039531206394 0.791750723620735 0.5177812916627911 0.15788088764143496 
3 0.23771432114842028 0.9540171914744321 0.35810622267696035 0.08332602403297959 
4 0.7888258456577683 0.7133584773265502 0.40926425448795456 0.26642399789492144 
14 0.7826248721049205 0.12349793877730024 0.23563699500821636 0.240110516621349 
14 0.8151799832573714 0.403078677309008 0.30384770408954204 0.21379703534777653 
14 0.765572194834589 0.9227699324620647 0.23563699500821636 0.09100078940443816 
14 0.2911977180417325 0.13117270414875887 0.54878615942703 0.1173142706780107 
14 0.19120701950206181 0.050587667748443116 0.33950330201841683 0.03947022191035874 
7 0.19120701950206173 0.052232260328041416 0.33950330201841683 0.042759407069555305 
9 0.28809723126530845 0.13117270414875892 0.54878615942703 0.1173142706780109 
8 0.7833999937990263 0.12404613630383306 0.24338821194927604 0.23024296114375933 
6 0.7593712212817413 0.9229672835716165 0.23253650823179248 0.0844224190860451 
10 0.8144048615632654 0.40746425752127 0.3084984342541779 0.22037540566616964 
