13 0.5105660160073703 0.2363984362273986 0.9241665227154948 0.06312102948362923 
13 0.517763574595497 0.34482407558234235 0.9155294524097425 0.11707932888092519 
13 0.5379455288766051 0.5569310962697508 0.9789255484539645 0.26641146766574364 
13 0.33854436575113717 0.7775085518814138 0.5714861518972765 0.12115165336374002 
13 0.771837392756377 0.8879703534777651 0.3901076754764785 0.06108486724222184 
0 0.5120055277249956 0.23588939566704673 0.9299245695859963 0.06413911060433296 
1 0.5192030863131225 0.3438059944616387 0.9270455461507457 0.1150431666395178 
2 0.5314389359129382 0.5545487864473041 0.9659123625266309 0.2575745235380355 
4 0.34430241262163874 0.7754723896400065 0.577244198767778 0.1191154911223327 
5 0.7790349513445038 0.887970353477765 0.40450279265273237 0.06515719172503662 
14 0.9121897852248516 0.08724955204430687 0.1525882420682904 0.11707932888092522 
14 0.5242413773248114 0.17531356898517675 0.9687913859618817 0.03257859586251834 
14 0.34070363332757525 0.07299641635445513 0.595957851096908 0.023415865776185044 
14 0.17731905337709442 0.05263479394038116 0.26630966776069553 0.019343541293370257 
14 0.29247999078712494 0.11881006678612152 0.5225427534980135 0.05599446163870338 
14 0.22554269591754472 0.8838980289949502 0.35124085910059316 0.0529402182765923 
7 0.1794783209535325 0.05212575338002932 0.2735072263488225 0.022397784655481343 
9 0.343582656762826 0.07350545691480696 0.5988368745321587 0.02443394689688874 
9 0.5220821097483732 0.17582260954552859 0.9759889445500085 0.039705163707444195 
10 0.29607877008118844 0.11881006678612151 0.5326193355213912 0.05803062388011078 
8 0.913629296942477 0.08623147092360318 0.16122531237404272 0.1191154911223326 
6 0.2500143951171762 0.8869522723570613 0.39442621062935457 0.06515719172503662 
