13 0.6624810095184944 0.26822208578194895 0.609245651567296 0.2730023682133146 
13 0.6725575915418721 0.6031707744934655 0.6138963817319321 0.3442680466625734 
13 0.6710073481536601 0.8591790193842646 0.6200973552847798 0.1195070607841417 
13 0.5880693268843208 0.9693667222173494 0.5255325086038508 0.039470221910358774 
13 0.13462313583232563 0.27370406104727657 0.2325365082317924 0.07565125866152092 
1 0.6648063746008123 0.2649329006227524 0.6045949214026602 0.26203841768265945 
2 0.6702322264595542 0.5998815893342689 0.6154466251201439 0.3508464169809665 
0 0.6756580783182959 0.8591790193842646 0.6262983288376275 0.11292869046574863 
4 0.5996961522959103 0.9693667222173493 0.54878615942703 0.04166301201648966 
3 0.1462499612439153 0.27534865362687483 0.2557901590549717 0.07236207350232435 
14 0.41056645893405264 0.05278045785457416 0.15192385204477094 0.021927901061310408 
14 0.5849688401078968 0.07964213665467941 0.4976281276160356 0.03398824664503114 
14 0.1307475273617958 0.1750285062713797 0.21548383096146093 0.06030172791860364 
14 0.16252751682014074 0.0812867292342777 0.18602920658543398 0.1315674063678625 
14 0.08268998232722535 0.35648188755372334 0.13797166155086343 0.037277431804227684 
8 0.1586519083496109 0.07799754407508112 0.19067993675006978 0.1337601964739935 
10 0.14702508293802125 0.17612490132444522 0.2573404024431836 0.06688009823699673 
6 0.09431680773881496 0.3592228751863872 0.1550243388211949 0.038373826857293195 
7 0.40746597215762864 0.05168406280150865 0.15812482559761887 0.028506271379703543 
9 0.5795429882491551 0.07964213665467941 0.5084798313335194 0.0317954565389001 
