13 0.6671627445508944 0.3496403824225945 0.610795894955508 0.1238926409964038 
13 0.6795646916565901 0.49107534426804667 0.6387002759433232 0.10854311025348659 
13 0.6733637181037423 0.7810718358038768 0.6355997891668992 0.42978686080168405 
13 0.19123802436982607 0.5195816156477502 0.32245062474808556 0.4155337251118323 
13 0.17108486032307071 0.7750416630120164 0.2542399156667597 0.05810893781247258 
13 0.1896877809816141 0.9060608718533462 0.3131491644188137 0.1381457766862555 
0 0.6369329984807615 0.34799578984299623 0.550336402815242 0.1206034558372072 
1 0.6793321551483583 0.4909876326638014 0.6413356897032835 0.1149460573633892 
2 0.6754565466778285 0.7814226822208578 0.6490869066443431 0.43487413384790813 
5 0.18503705081697824 0.9055126743268135 0.3162496511952376 0.1436277519515833 
4 0.18503705081697824 0.5162924304885537 0.3224506247480854 0.4177265152179634 
3 0.17496046879360055 0.7744934654854838 0.26199113260781937 0.06359091307780027 
14 0.1982141196167798 0.10295149548285237 0.21548383096146093 0.15239891237610736 
14 0.6074783741047344 0.08376458205420577 0.5317334821566986 0.0635909130778002 
14 0.6043778873283105 0.12542759407069556 0.3395033020184168 0.019735110955179387 
14 0.6067032524106284 0.1577712481361284 0.5146808048863672 0.0317954565389001 
14 0.5121384057296996 0.22903692658538724 0.9456484668092892 0.05153056749407945 
7 0.6051530090224165 0.07992719936847645 0.5394846990977582 0.06688009823699675 
10 0.6121291042693702 0.15886764318919397 0.5255325086038508 0.04056661696342425 
8 0.1997643630049918 0.10514428558898342 0.23408675162000434 0.15678449258836943 
9 0.6036027656342046 0.12652398912376106 0.35035500573590067 0.026313481273572498 
9 0.5051623104827457 0.22739233400578895 0.944098223421077 0.05043417244101394 
