13 0.6144234644839239 0.15693798789579863 0.5844417573559049 0.19515831944566264 
13 0.6113229777075001 0.3427769493904044 0.5875422441323288 0.0975791597228313 
13 0.6159737078721359 0.5823392684852206 0.6154466251201439 0.37058152793614596 
13 0.5981459089076985 0.8909744759231646 0.5425851858741823 0.16774844311902457 
13 0.15322605649086904 0.9249627225681957 0.24803894211391192 0.07345846855538986 
13 0.15942703004371683 0.5532847995789842 0.23873748178464022 0.15020612226997632 
0 0.6144234644839239 0.15693798789579863 0.5968437044616004 0.20173668976405576 
1 0.6066722475428643 0.3416805543373388 0.5844417573559049 0.09757915972283135 
4 0.6167488295662419 0.5801464783790896 0.6324993023904752 0.36838873783001497 
11 0.5981459089076985 0.8882334882905008 0.5456856726506062 0.17323041838435224 
2 0.15632654326729292 0.9233181299885975 0.2511394288903358 0.07236207350232435 
3 0.1679533686788826 0.5571221822647136 0.21238334418503704 0.157880887641435 
14 0.154001178184975 0.1267871239364968 0.2092828574086132 0.21160424524164545 
14 0.16640312529067064 0.2693184808350145 0.16277555576225466 0.0603017279186036 
14 0.1633026385142467 0.37402420840277173 0.2247852912907327 0.14033856679238665 
14 0.1826806808668961 0.7193886501184107 0.17982823303258605 0.11402508551881402 
8 0.1633026385142467 0.12623892640996404 0.2092828574086132 0.2083150600824489 
7 0.16795336867888255 0.2638365055696869 0.1596750689858308 0.060301727918603665 
10 0.1633026385142467 0.37402420840277173 0.2371872383964282 0.14253135689851767 
6 0.18035531578457814 0.7193886501184107 0.16587604253867855 0.10744671520042096 
