13 0.6165628003596565 0.1305148671169196 0.5301832387684866 0.18967634418033505 
13 0.6661705887824388 0.3941978773791773 0.6200973552847798 0.3047978247522147 
13 0.6677208321706508 0.660073677747566 0.6231978420612037 0.17651960354354884 
13 0.6714104114345952 0.8931014823261118 0.6305770005890926 0.2588369441277081 
13 0.18947074690726445 0.9407508113323393 0.2743930797135151 0.06907288834312782 
13 0.15536539236660157 0.8431716516095079 0.1875794499736459 0.0668800982369968 
0 0.5995101230893249 0.12448469432505921 0.5115803181099434 0.18857994912726955 
1 0.659969615229591 0.39310148232611175 0.610795894955508 0.30041224453995263 
4 0.6646203453942269 0.6556880975353038 0.6200973552847798 0.17651960354354876 
2 0.6700461972529687 0.8925094289974564 0.6247480854494156 0.2532672572581353 
5 0.18947074690726445 0.9374616261731428 0.28059405326636283 0.07565125866152102 
3 0.14761417542554178 0.8415270590299097 0.16897652931510249 0.06578370318393129 
14 0.18326977335441663 0.1036531883168143 0.19998139707934148 0.1381457766862556 
14 0.14761417542554178 0.24289536005613543 0.18447896319722204 0.07894044382071748 
14 0.17939416488388668 0.4402464696079291 0.24803894211391184 0.1271818261556004 
14 0.18792050351905248 0.6688448381720902 0.2526896722785477 0.19844750460485924 
8 0.1801692865779927 0.1036531883168143 0.2092828574086132 0.14691693711077974 
7 0.1662170960840852 0.2472809402683975 0.2371872383964282 0.08990439435137272 
9 0.18559513843673453 0.4364090869221998 0.2635413759960314 0.12827822120866592 
10 0.19489659876600626 0.6672002455924919 0.26664186277245533 0.20831506008244882 
