13 0.6667596812699594 0.18544425927550215 0.5115803181099432 0.13595298658012456 
13 0.6977645490341983 0.42555477589685115 0.5921929742969646 0.3113761950706079 
13 0.7109416178339999 0.7747566002982195 0.5689393234737854 0.3300149109727217 
13 0.8217840200911543 0.9693667222173493 0.3007472173131182 0.03947022191035864 
13 0.18850959600657302 0.8745285501271817 0.37670914333550376 0.22476098587843174 
13 0.18463398753604313 0.5878212437505481 0.3596564660651722 0.28067713358477325 
0 0.6690850463522774 0.17996228401017453 0.5038291011688836 0.12498903604946936 
1 0.6954391839518804 0.42610297342338394 0.5937432176851765 0.31905096044206643 
11 0.7055157659752581 0.7687264275063591 0.5828915139676928 0.324532935707394 
3 0.8241093851734721 0.9688185246908166 0.3022974607013301 0.0493377773879485 
2 0.19083496108889095 0.8761731427067802 0.37515889994729174 0.23243575124989047 
4 0.1947105695594208 0.5889176388036137 0.38601060366477524 0.28067713358477325 
14 0.19238520447710294 0.10540742040171915 0.3193501379716616 0.1973511095517937 
14 0.6458313955290981 0.03468993947899307 0.5007286143924595 0.03837382685729322 
14 0.6969894273400924 0.06922638365055697 0.5596378631445136 0.026313481273572498 
14 0.19005983939478494 0.23094465397772126 0.34570427557126465 0.055916147706341526 
14 0.2086627600533284 0.35154810981492846 0.32710135491272135 0.12169985089027278 
8 0.1877344743124671 0.10595561792825191 0.3286515983009333 0.1962547144987282 
7 0.6450562738349921 0.03304534689939479 0.5022788577806714 0.04166301201648979 
9 0.6892382103990327 0.0659371984913604 0.547235916038818 0.026313481273572498 
9 0.19626081294763278 0.23258924655731952 0.36120670945338423 0.05701254275940707 
10 0.20788763835922233 0.3520963073414613 0.3162496511952376 0.1227962459433383 
