13 0.5292796683365002 0.18854862355432478 0.921287499280244 0.11606124776022152 
13 0.5386364945010652 0.39114676657436065 0.9486382219151264 0.26062876690014664 
13 0.5393562503598779 0.6533026551555629 0.9443196867622504 0.22092360319270246 
13 0.5314389359129382 0.8156865939078025 0.9371221281741233 0.06515719172503662 
13 0.35006045949214015 0.8945878807623391 0.39298669891172905 0.0335966769832221 
0 0.5235216214659987 0.1875305424336211 0.9270455461507457 0.12013357224303631 
1 0.5379167386422524 0.3921648476950643 0.9558357805032532 0.2606287669001466 
2 0.5357574710658144 0.6538116957159146 0.940001151609374 0.22601400879622083 
4 0.5292796683365002 0.8167046750285062 0.9356826164564981 0.07126567844925884 
3 0.35149997120976556 0.8930607590812835 0.3958657223469799 0.03257859586251831 
14 0.5328784476305637 0.05110767225932562 0.35843841768871987 0.03054243362111093 
14 0.5220821097483732 0.07452353803551068 0.7139978119421891 0.018325460172666556 
14 0.8150227442851383 0.8864432317967095 0.34980134738296764 0.01934354129337033 
14 0.511285771866183 0.09183091708747353 0.6089134565555364 0.018325460172666556 
7 0.534317959348189 0.04907151001791822 0.36131744112397074 0.03665092034533311 
10 0.522801865607186 0.07248737579410326 0.7183163470950654 0.018325460172666556 
9 0.5062474808544941 0.09233995764782538 0.6132319917084124 0.021379703534777653 
6 0.8179017677203891 0.8864432317967095 0.3555593942534691 0.025452028017592426 
