13 0.7452174991473661 0.256041136742391 0.5095650017052679 0.3949872818173845 
13 0.7330480885499023 0.602359442154197 0.4976281276160358 0.23901412156828353 
13 0.7322729668557963 0.8775546004736426 0.4929773974514 0.23901412156828353 
13 0.15403218305273925 0.8611086746776598 0.21083310079682513 0.07016928339619333 
13 0.24472142126313826 0.5820761336724849 0.4511208259696772 0.448425576703798 
1 0.7452174991473661 0.25354135602140165 0.5095650017052679 0.39656609069379883 
5 0.7345983319381143 0.8742654153144462 0.4945276408396119 0.23462854135602149 
3 0.1532570613586333 0.8622050697307254 0.2092828574086132 0.07894044382071741 
4 0.24317117787492631 0.5853653188316813 0.44491985241682946 0.45500394702219105 
0 0.7307227234675845 0.600166652048066 0.5022788577806716 0.24339970178054562 
14 0.23076923076923073 0.09472853258486097 0.27129259293709107 0.17323041838435224 
14 0.23076923076923078 0.1950486799403561 0.21238334418503704 0.029602666432769046 
14 0.2478219080395622 0.2849530742917288 0.2650916193842433 0.08880799929830714 
14 0.11992682851207635 0.9521094640820981 0.10231606362198864 0.06578370318393129 
8 0.2284438656869128 0.09363213753179545 0.2790438098781508 0.1754232084904833 
7 0.22766874399280687 0.1955968774668889 0.22168480451430875 0.03289185159196561 
10 0.25169751651009203 0.28550127181826157 0.27594332310172687 0.08990439435137272 
6 0.11450097665333459 0.9543022541882291 0.10386630701020058 0.06797649329006218 
14 0.26952531547452946 0.23122971669151832 0.33950330201841694 0.02521708622050697 
9 0.27107555886274143 0.23122971669151832 0.34880476234768854 0.02521708622050697 
