13 0.2559451833937928 0.35128497500219275 0.46817350324000856 0.1710376282782212 
13 0.7574489194803584 0.32497149372862033 0.42321644498186217 0.11841066573107621 
13 0.6969894273400924 0.45653890009648274 0.33020184168914535 0.07016928339619333 
13 0.7318699035748613 0.6330585036400315 0.38446036027656344 0.19954389965792468 
13 0.7458220940687688 0.8145118849223753 0.41236474126437844 0.09977194982896237 
13 0.26137103525253463 0.7114507499342162 0.4728242334046446 0.49008858872028765 
0 0.25517006169968676 0.35018857994912733 0.4697237466282206 0.17542320849048332 
1 0.2543949400055809 0.7092579598280853 0.4557715561343131 0.4857030085080256 
4 0.7582240411744643 0.3260678887816858 0.43716863547576956 0.12060345583720723 
11 0.6884630887049267 0.4570870976230156 0.3286515983009332 0.07565125866152095 
5 0.7318699035748613 0.6336067011665644 0.39066133382941115 0.20502587492325236 
3 0.7574489194803584 0.8183492676081044 0.43561839208755765 0.10963950530655198 
14 0.7520230676216166 0.9345671432330497 0.42166620159365026 0.07455486360845537 
14 0.11719840014882335 0.07828260678887818 0.15657458220940693 0.11621787562494518 
14 0.38151489783896075 0.04045697745811771 0.3472545189594767 0.03179545653890009 
14 0.5760704430595603 0.09472853258486097 0.7487675565063715 0.07674765371458644 
14 0.5032090038135988 0.1923076923076923 0.9565001705267726 0.08332602403297955 
8 0.11487303506650545 0.07499342162968162 0.1643257991504666 0.12060345583720727 
7 0.3822900195330667 0.04045697745811771 0.35810622267696035 0.036181036751162174 
9 0.5745201996713484 0.09527673011139375 0.7487675565063715 0.08003683887378302 
10 0.5055343688959166 0.19121129725462677 0.9673518742442564 0.08771160424524166 
6 0.7520230676216166 0.9362117358126479 0.4247666883700741 0.08003683887378292 
