13 0.5471584038694075 0.4510349969300938 0.9048770656993148 0.2307692307692308 
13 0.5411899668247915 0.6623761073590037 0.8929401916100828 0.162266467853697 
13 0.6225777447059188 0.8706911674414526 0.6774563606486218 0.1359529865801246 
1 0.5404148451306854 0.45077186211735815 0.9037918953275665 0.23243575124989038 
0 0.5479335255635135 0.6597776510832384 0.903326822311103 0.15706955530216649 
4 0.6334294484234024 0.8668537847557232 0.6743558738721979 0.1260854311025349 
14 0.20478715158279848 0.07635295149548287 0.23563699500821628 0.132663801420928 
14 0.41019440052088174 0.1706429260591176 0.20928285740861327 0.029602666432769077 
14 0.5117353424487644 0.24245680203490919 0.42786717514649797 0.09867555477589683 
8 0.19858617802995074 0.0741601613893518 0.2294360214553685 0.13704938163319008 
7 0.4132948872973056 0.17119112358565036 0.22478529129073263 0.03069906148583459 
10 0.5047592472018108 0.24245680203490919 0.4201159582054383 0.09867555477589683 
