13 0.37026013084054193 0.24848697482676957 0.6200973552847798 0.16555565301289363 
13 0.3718103742287539 0.5116217875624945 0.6231978420612037 0.2730023682133147 
13 0.8291321737512789 0.4551574423296202 0.2511394288903357 0.17980878870274544 
13 0.8423092425510804 0.5998815893342689 0.2681921061606672 0.041663012016489795 
13 0.3090255170061699 0.7884615384615385 0.4790252069574923 0.20612226997631794 
13 0.3555328186525284 0.9594991667397598 0.5906427309087526 0.06359091307780027 
13 0.8113043747868415 0.2671256907288834 0.1968809103029176 0.12169985089027274 
0 0.37491086100517773 0.2506797649329006 0.6324993023904752 0.16774844311902465 
1 0.3749108610051778 0.5143627751951583 0.6262983288376275 0.2762915533725112 
4 0.306700151923852 0.7895579335146039 0.48677642389855197 0.21050785018857998 
2 0.3532074535702105 0.958950969213227 0.5983939478498124 0.06468730813086578 
4 0.8144048615632653 0.2649329006227524 0.20308188385576534 0.1238926409964038 
3 0.829907295445385 0.45460924480308745 0.2557901590549717 0.17651960354354876 
11 0.8399838774687627 0.599333391807736 0.2635413759960314 0.05372335760021054 
14 0.11369485009146432 0.08402771686694148 0.12556971444516796 0.08442241908604509 
14 0.2973986915945803 0.07087097623015524 0.2232350479025206 0.02521708622050697 
14 0.2973986915945803 0.09389527234453118 0.21393358757324898 0.023024296114375935 
14 0.8376585123864448 0.11088939566704674 0.2836945400427867 0.11841066573107621 
14 0.7857253588813443 0.674984650469257 0.1457228784919234 0.05372335760021041 
14 0.8089790097045235 0.771467415139023 0.20153164046755342 0.10415753004122455 
8 0.1144699717855703 0.0812867292342777 0.1333209313862276 0.08990439435137268 
7 0.305925030229746 0.06867818612402421 0.2464886987256999 0.033988246645031146 
9 0.31290112547669985 0.09389527234453118 0.24493845533748806 0.03398824664503114 
10 0.8368833906923387 0.110341198140514 0.2883452702074227 0.12827822120866592 
10 0.830682417139491 0.7720156126655557 0.2604408892196075 0.1293746162617314 
6 0.7903760890459801 0.6744364529427244 0.1643257991504666 0.061398122971669244 
