13 0.29315102471087956 0.2989211472677835 0.517781291662791 0.15897728269450045 
13 0.32415589247511856 0.5680861327953688 0.576690540414845 0.27409876326638016 
13 0.3202802840045887 0.8635645995965266 0.5689393234737854 0.2116042452416455 
13 0.808374414783121 0.6806639768441364 0.3824450438718879 0.5343390930620121 
0 0.2993519982637273 0.2945355670555215 0.5363842123213345 0.16117007280063153 
1 0.32260564908690664 0.5642487501096395 0.5921929742969647 0.2773879484255767 
2 0.3202802840045887 0.8657573897026576 0.5751402970266332 0.21379703534777653 
4 0.809149536477227 0.6789207087097623 0.38089480048367597 0.5418165073239191 
14 0.2326915325706136 0.06758179107095869 0.37825938672371556 0.038373826857293215 
14 0.35361051685114564 0.11691956845890712 0.6573031966018665 0.04495219717568634 
14 0.8721669302080427 0.09663625997719498 0.215483830961461 0.13595298658012456 
7 0.24431835798220314 0.0631962108586966 0.40771401109974265 0.04714498728181738 
10 0.3443090565218739 0.11527497587930882 0.6511022230490187 0.05701254275940707 
8 0.8713918085139368 0.09718445750372774 0.22633553467894457 0.13704938163319005 
