13 0.2055622732769045 0.4485790720112271 0.38601060366477535 0.14691693711077972 
13 0.17920813567730126 0.613586527497588 0.33640281524199295 0.12827822120866597 
13 0.19393544786531483 0.7440575388123848 0.3286515983009333 0.05810893781247258 
13 0.1962608129476328 0.8641127971230594 0.38911109044119935 0.11841066573107631 
13 0.7045081077729203 0.919645206560828 0.5901776578922893 0.15272783089202707 
13 0.7091588379375562 0.3716998508902728 0.5808761975630174 0.2628716779229892 
13 0.7029578643847084 0.6522454170686781 0.5932781446687131 0.2867292342776949 
0 0.20091154311226864 0.446386281905096 0.38601060366477546 0.14910972721691082 
4 0.1900598393947849 0.6135865274975878 0.35810622267696024 0.12389264099640374 
3 0.19626081294763273 0.7435093412858521 0.3333023284655691 0.05481975265327605 
11 0.19781105633584475 0.8652091921761248 0.3922115772176232 0.12498903604946938 
5 0.7021827426906024 0.9177594070695553 0.5948283880569251 0.15992018244013684 
2 0.7037329860788144 0.6486053854925007 0.5917279012805011 0.28602754144373305 
1 0.7060583511611324 0.37007718621173585 0.5870771711158652 0.26839750899043946 
14 0.18308374414783118 0.2874089992105956 0.31314916441881374 0.10086834488202792 
14 0.14200229436021455 0.09718445750372774 0.21238334418503704 0.17213402333128672 
14 0.4869314482373732 0.08019033418121219 0.4278671751464981 0.05701254275940708 
14 0.5070846122841286 0.12459433383036576 0.4867764238985521 0.038373826857293215 
8 0.14045205097200256 0.09882905008332603 0.22168480451430875 0.1798087887027454 
7 0.5024338821194927 0.07964213665467941 0.4743744767928565 0.058108937812472596 
9 0.5078597339782346 0.12843171651609508 0.4759247201810684 0.04604859222875185 
10 0.1900598393947849 0.2868608016840628 0.3177998945834496 0.10854311025348652 
