13 0.6636591944935355 0.27151127094114547 0.5673890800855734 0.1567844925883694 
13 0.6907884537872446 0.45954302254188223 0.6154466251201439 0.15349530742917286 
13 0.6760611415992311 0.6377072186650293 0.6076954081790841 0.11512148057187965 
13 0.6737357765169132 0.7807867730900798 0.5875422441323288 0.09648276466976584 
13 0.8339534306886182 0.9277585299535128 0.33128701206089367 0.12509867555477588 
13 0.18695935261836108 0.7150030699061486 0.34570427557126465 0.5569686869572845 
11 0.6690850463522774 0.2693184808350145 0.5906427309087526 0.15020612226997634 
11 0.83550367407683 0.9290413121655995 0.3281865252844698 0.1276642399789492 
0 0.6861377236226087 0.45735023243575124 0.6154466251201438 0.15349530742917286 
1 0.6830372368461849 0.6371590211384967 0.6185471118965676 0.1206034558372072 
2 0.6807118717638669 0.7824313656696781 0.610795894955508 0.0953863696167002 
13 0.5258735621492574 0.973576879221121 0.12439152947012687 0.05227611613016411 
3 0.5245248504015131 0.973576879221121 0.12789507952748586 0.05227611613016411 
4 0.18695935261836108 0.7128102798000175 0.34880476234768854 0.5569686869572845 
14 0.20323690819458654 0.31481887553723353 0.2759433231017269 0.10086834488202785 
14 0.6714104114345952 0.11253398824664503 0.638700275943323 0.0690728883431278 
14 0.6535826124701578 0.0385273221647224 0.5968437044616004 0.059205332865538106 
14 0.1699066753480296 0.11911235856503814 0.3115989210306017 0.21598982545390755 
14 0.5528167922363811 0.8860406981843698 0.16277555576225466 0.05043417244101401 
8 0.17610764890087743 0.11966055609157092 0.32710135491272124 0.22585738093149724 
7 0.6652094378817474 0.03249714937286203 0.6076954081790841 0.053723357600210506 
9 0.6789290918674232 0.11059336900271906 0.6413356897032835 0.06957723006753794 
10 0.2117632468297523 0.3142706780107008 0.27749356648993895 0.10196473993509339 
6 0.554367035624593 0.8838479080782388 0.15657458220940673 0.04824138233488299 
