13 0.6890654689929175 0.3061369929956019 0.6218690620141647 0.19648965629581364 
13 0.6998905971094604 0.5660123798664277 0.6550354119882537 0.24995927675517193 
13 0.7034893764035238 0.785531031112559 0.6478378534001269 0.11479882717054897 
13 0.6487591408994069 0.9006963674865612 0.4951920308631312 0.06006678612151818 
13 0.1823573443887833 0.7790356735624693 0.2821442966545748 0.06719335396644406 
13 0.17947832095353256 0.5382594885160449 0.3483618356653423 0.33087636422870176 
1 0.6782691311107272 0.30511891187489815 0.6031554096850348 0.1964896562958136 
2 0.6984222951574824 0.568292881576804 0.6578568549547994 0.25248411793451697 
0 0.7013013185927334 0.7841260791659879 0.6520988080842978 0.11198892327740669 
5 0.6523579201934702 0.8991692458055056 0.5052686128865088 0.06312102948362916 
3 0.18307710024759596 0.7795447141228212 0.29797892554845395 0.07431992181136982 
4 0.1809178326711579 0.5372414073953412 0.35124085910059305 0.3349486887115165 
14 0.1938734381297863 0.10404789053591788 0.2475960154315656 0.16696530379540642 
14 0.18523636782403405 0.2669408698485095 0.3368457419243393 0.13845903241570287 
14 0.17372027408303095 0.8966240430037464 0.27350722634882246 0.06821143508714773 
14 0.6314850002879023 0.028200847043492423 0.46928081994587434 0.03970516370744421 
14 0.7020498646858986 0.11180566867568008 0.6507168768353775 0.11732366834989412 
8 0.19315368227097363 0.0989574849323994 0.24615650371394027 0.17918227724385075 
10 0.18523636782403405 0.26744991040886135 0.33972476535958995 0.13744095129499917 
6 0.1629239362008406 0.8956059618830428 0.2519145505844418 0.06210294836292551 
7 0.590458916335579 0.028200847043492423 0.39010767547647834 0.0417413259488516 
9 0.7034893764035238 0.10932155074116306 0.6478378534001269 0.11031927023945268 
