13 0.5231089614402795 0.26371468389712405 0.35268037081821846 0.10452299505891298 
13 0.5270276322271487 0.40545419992398335 0.36275695284159615 0.10452299505891298 
13 0.5186304805410006 0.562634612948182 0.3437234090196606 0.12273533510705685 
13 0.19729947601773484 0.6129165082984924 0.24967531013480235 0.05384517927277329 
13 0.21297415916521117 0.5103731154187254 0.26087151238299966 0.08472697326745215 
13 0.20513681759147304 0.3777397694159382 0.24071834833624434 0.12827822120866592 
0 0.5219893412154598 0.26331876346129485 0.3616373326167765 0.11006588116052198 
1 0.5281472524519684 0.4062460407956417 0.3582784719423172 0.1076903585455467 
1 0.5315061131264275 0.5642182946914989 0.36499619329123556 0.12431901685037375 
3 0.19002194455640647 0.6133124287343216 0.24631644946034306 0.05305333840111497 
5 0.21409377939003094 0.5119567971620423 0.2631107528326392 0.08472697326745215 
4 0.20569662770388286 0.377343848980109 0.2507949303596221 0.12590269859369063 
14 0.18890232433158677 0.12039148612694794 0.2619911326078194 0.1662865830482706 
14 0.209615298490752 0.26292284302546565 0.26087151238299966 0.05384517927277335 
14 0.5309463030140177 0.08198720385151399 0.33476644722110266 0.030881793994678827 
14 0.5275874423395585 0.142563030533384 0.33700568767074207 0.09185354111237808 
8 0.19114156478122624 0.12355884961358166 0.26199113260781953 0.1694539465349044 
10 0.21017510860316188 0.26411060433295325 0.26423037305745894 0.05622070188774862 
7 0.516951050203771 0.08159128341568479 0.3090151820502486 0.03325731660965412 
9 0.529826682789198 0.1421671100975548 0.34372340901966064 0.0926453819840365 
