13 0.7366911605122005 0.36460617489693886 0.5266176789755992 0.2371502499780721 
13 0.7299476017734785 0.565630207876502 0.4976281276160358 0.044952197175686326 
13 0.7369236970204323 0.7092579598280853 0.5239822652156388 0.237917726515218 
13 0.7366911605122005 0.9362775195158318 0.5266176789755992 0.09551793702306823 
13 0.24162093448671443 0.8770064029471099 0.3829101168883516 0.07565125866152088 
13 0.24239605618082039 0.657179194807473 0.4247666883700742 0.27409876326638016 
13 0.19433851114624995 0.4318700114025086 0.3286515983009333 0.09319357951056925 
0 0.7330480885499023 0.36170072800631525 0.5131305614981552 0.24230330672748004 
1 0.7252968716088426 0.565630207876502 0.4976281276160356 0.04714498728181735 
2 0.7260719933029486 0.707613367248487 0.5084798313335194 0.2368213314621525 
5 0.7374662822063064 0.9381084992544514 0.5250674355873872 0.09698710639417603 
11 0.23852044771029052 0.8759100078940444 0.398412550770471 0.08222962897991394 
4 0.24472142126313828 0.6577273923340058 0.4263169317582861 0.27958073853170773 
3 0.18891265928750817 0.43241820892904126 0.3333023284655691 0.09428997456363476 
14 0.16178339999379898 0.9608806245066221 0.22013456112609683 0.04824138233488286 
14 0.252472638204198 0.282212086659065 0.3146994078070256 0.10744671520042098 
14 0.6646048429603447 0.1223357600210508 0.6707903140793106 0.11222699763178669 
14 0.6470095805041391 0.04648715024997808 0.6293988156140514 0.050434172441013954 
14 0.17728583387591856 0.08924655731953336 0.26664186277245533 0.16884483817209017 
8 0.17573559048770657 0.08705376721340233 0.2697423495488793 0.17103762827822122 
7 0.647784702198245 0.039360582405052184 0.6185471118965676 0.05153056749407947 
9 0.658403869407497 0.12654591702482237 0.6831922611850061 0.11406894132093677 
10 0.25867361175704584 0.28440487676519605 0.3240008681362974 0.11402508551881414 
6 0.1974389979226738 0.9680071923515481 0.2635413759960313 0.044952197175686326 
