13 0.6795646916565901 0.4762740110516621 0.6076954081790841 0.265327602841856 
13 0.6805103401233994 0.8100934128585212 0.600285244783431 0.3803832997105517 
13 0.1687594952407528 0.4039119375493378 0.2588906458313956 0.09867555477589686 
13 0.1881375375934022 0.5020392947987019 0.2914457569838465 0.06249451802473469 
13 0.18995132235761014 0.7837799315849487 0.3012743000651103 0.43301026225769673 
1 0.6787895699624842 0.4768222085781949 0.5751402970266332 0.26203841768265945 
2 0.6694881096332125 0.8084817121305149 0.581341270579481 0.374967108148408 
4 0.18748643537035312 0.7837799315849487 0.3118469599727158 0.43301026225769673 
3 0.18658729420519016 0.5003947022191035 0.28524478343099857 0.05701254275940707 
0 0.1741853470994946 0.40555653012893605 0.25734040244318357 0.10415753004122441 
14 0.6756890831860602 0.24548285238137008 0.5689393234737854 0.18309797386194196 
14 0.19588875453446186 0.28824225945092535 0.2604408892196074 0.08880799929830717 
14 0.684990543515332 0.11446364354004035 0.547235916038818 0.04604859222875185 
14 0.19433851114624998 0.13474695202175246 0.2790438098781509 0.18529076396807298 
8 0.19588875453446192 0.1347469520217525 0.2821442966545748 0.18309797386194193 
10 0.20131460639320373 0.28769406192439256 0.274393079713515 0.09648276466976578 
7 0.68344030012712 0.11336724848697481 0.5751402970266332 0.05701254275940706 
9 0.6826651784330139 0.2449346548548373 0.5890924875205407 0.18638715902113853 
