13 0.34545623662915076 0.3553854925006578 0.5673890800855733 0.22585738093149724 
13 0.3423557498527268 0.6793702306815191 0.5642885933091496 0.3541356021401631 
13 0.340030384770409 0.9342820805192527 0.5534368895916659 0.08990439435137278 
13 0.7880507239636623 0.7341899833347952 0.21238334418503696 0.09319357951056931 
13 0.7717731683874368 0.6437373914568897 0.17982823303258613 0.0350846416980966 
13 0.8221560785043251 0.5171037628278221 0.28059405326636283 0.15897728269450045 
13 0.8283570520571728 0.3427769493904043 0.28059405326636283 0.13047101131479694 
13 0.8074287663163117 0.19366722217349355 0.24803894211391184 0.1063503201473555 
0 0.35553281865252845 0.35703008508025613 0.5689393234737855 0.22256819577230066 
1 0.34545623662915076 0.682111218314183 0.5673890800855733 0.3552319971932286 
2 0.3446811149350448 0.9315410928865888 0.5503364028152421 0.08880799929830714 
4 0.8066536446222057 0.1958600122796246 0.24338821194927604 0.10635032014735547 
5 0.8182804700337952 0.34551793702306816 0.2697423495488791 0.14253135689851767 
5 0.7865004805754503 0.6426409964038242 0.20618237063218922 0.0350846416980966 
11 0.8190555917279012 0.510525392509429 0.2743930797135149 0.1589772826945004 
3 0.7888258456577683 0.7352863783878607 0.20463212724397728 0.09319357951056931 
14 0.14780020463212723 0.10376282782212087 0.17517750286795034 0.11950706078414176 
14 0.3315040461352432 0.07799754407508114 0.17982823303258613 0.024120691167441446 
14 0.3338294112175611 0.10102184018945706 0.1906799367500697 0.021927901061310408 
14 0.35165721018199847 0.19695640733269013 0.6014944346262363 0.06249451802473469 
14 0.8175053483396892 0.07909393912814665 0.28989551359563465 0.06578370318393123 
14 0.7585960995876353 0.8202569950004385 0.15347409543298304 0.032891851591965705 
8 0.1423743527733854 0.10211823524252259 0.18602920658543398 0.12498903604946934 
7 0.3307289244411372 0.07744934654854838 0.1906799367500697 0.029602666432769046 
9 0.33692989799398504 0.1032146302955881 0.20308188385576534 0.028506271379703536 
9 0.3508820884878926 0.19531181475309184 0.6154466251201439 0.05920533286553813 
10 0.8144048615632654 0.07964213665467941 0.28679502681921076 0.0690728883431278 
10 0.7578209778935292 0.8180642048943074 0.15192385204477094 0.035084641698096726 
