13 0.32607819427650137 0.4477677396719586 0.5999441912380243 0.21708622050697304 
13 0.3245279508882894 0.7514691693711077 0.6123461383437199 0.32891851591965615 
13 0.24469041639537403 0.9597842294535567 0.4371686354757697 0.03289185159196558 
13 0.7849502371872383 0.5892027015174107 0.2898955135956345 0.48460661345496003 
13 0.7159644064118066 0.8819401806859047 0.13022044460980384 0.06578370318393116 
0 0.32762843766471333 0.44831593719849133 0.6061451647908721 0.21379703534777653 
1 0.3222025858059715 0.750920971844575 0.6169968685083558 0.3344004911849837 
11 0.25864260688928165 0.9597842294535568 0.4681735032400087 0.041663012016489795 
5 0.7826248721049205 0.5892027015174107 0.29764673053669416 0.4889921936672221 
3 0.7182897714941245 0.8835847732655031 0.13487117477443966 0.06468730813086565 
14 0.7872756022695564 0.961428822033155 0.3007472173131182 0.042759407069555305 
14 0.3532074535702105 0.07992719936847645 0.4154652280408024 0.042759407069555305 
14 0.7996775493752518 0.11720463117270415 0.2976467305366943 0.19186913428646607 
14 0.1741543422317304 0.25096482764669764 0.27749356648993895 0.07565125866152095 
14 0.646978575636375 0.2542540128058942 0.5875422441323288 0.08003683887378302 
8 0.8051034012339937 0.11665643364617138 0.2991969739249061 0.19077273923340057 
7 0.35785818373484635 0.07992719936847645 0.42476668837007403 0.042759407069555305 
10 0.17725482900815423 0.2487720375405666 0.2929960003720584 0.07565125866152088 
9 0.644653210554057 0.2558986053854925 0.5952934610733887 0.08332602403297955 
6 0.7888258456577684 0.9603324269800895 0.3069481908659659 0.04714498728181735 
