13 0.2784237125228661 0.2830234189983335 0.4759247201810685 0.19077273923340057 
13 0.310978823675317 0.5900140338566793 0.5565373763680898 0.34865362687483553 
13 0.3040027284283632 0.8816551179721076 0.5270827519920628 0.15349530742917292 
13 0.7923293957151273 0.3553854925006578 0.38135987350013956 0.3113761950706079 
13 0.7900040306328094 0.5976887992281379 0.38291011688835147 0.0986755547758968 
13 0.7876786655504914 0.7056837119550918 0.37205841317086774 0.05810893781247258 
13 0.7520230676216166 0.8317691430576265 0.29454624376027044 0.12169985089027284 
0 0.27997395591107804 0.2824752214718007 0.4697237466282207 0.187483554074204 
1 0.310978823675317 0.5889176388036138 0.550336402815242 0.35084641698096664 
2 0.29935199826372744 0.8805587229190422 0.5487861594270301 0.15568809753530394 
5 0.7543484327039345 0.8312209455310938 0.3146994078070256 0.12498903604946938 
3 0.7853533004681735 0.7056837119550916 0.36430719622980806 0.05591614770634143 
11 0.7869035438563854 0.5971406017016051 0.3736086565590797 0.10635032014735557 
4 0.7876786655504914 0.3559336900271906 0.3782593867237155 0.31685817033593544 
14 0.7721762316683719 0.9468906236295062 0.3162496511952375 0.029602666432769046 
14 0.20633739497101045 0.058262433119901764 0.3007472173131182 0.037277431804227705 
14 0.39779245341518615 0.09882905008332603 0.702260254860013 0.041663012016489795 
14 0.39701733172108017 0.13391369178142268 0.6945090379189534 0.03069906148583459 
14 0.8992961895017518 0.09389527234453118 0.15812482559761887 0.11292869046574863 
7 0.20478715158279848 0.05716603806683625 0.3100486776423899 0.04385580212262082 
9 0.4008929401916101 0.09499166739759671 0.7177626887421326 0.042759407069555305 
10 0.3946919666387622 0.13336549425488992 0.7146622019657085 0.03179545653890012 
8 0.9016215545840698 0.09444346987106393 0.1689765293151024 0.12060345583720726 
6 0.769850866586054 0.9490834137356372 0.31779989458344965 0.036181036751162236 
