13 0.6795646916565901 0.5349311463906675 0.6169968685083558 0.45719673712832215 
13 0.6863082503953121 0.9003596175774055 0.6273834992093759 0.19471976142443653 
13 0.18968778098161412 0.7454389965792475 0.36895792639444397 0.46158231734058414 
0 0.682665178433014 0.899482501534953 0.6324993023904755 0.1951583194456627 
1 0.68344030012712 0.5343829488641347 0.6185471118965676 0.47144987281817385 
4 0.1904629026757201 0.7459871941057803 0.37360865655907977 0.47364266292430485 
14 0.6863082503953121 0.16584071572669062 0.6273834992093759 0.21677922989211473 
14 0.6865407869035438 0.03716779229892115 0.6185471118965676 0.03618103675116218 
14 0.1889126592875081 0.1150118410665731 0.34880476234768854 0.2181826155600386 
14 0.18736241589929614 0.36389351811244625 0.3612067094533841 0.2225681957723007 
8 0.17961119895823646 0.1122708534339093 0.3426037887948409 0.212700640294711 
7 0.684215421821226 0.036071397245855626 0.6169968685083558 0.04056661696342426 
9 0.6863082503953121 0.16500745548636084 0.6273834992093759 0.2173054995175862 
10 0.18968778098161412 0.36170072800631525 0.36275695284159626 0.22476098587843174 
