13 0.7520230676216166 0.37156828348390497 0.458872042910737 0.2335321463029559 
13 0.7427216072923449 0.6281247259012367 0.45267106935788914 0.20283308481712128 
13 0.6946640622577744 0.7827164283834751 0.33795305863020497 0.040566616963424285 
13 0.7039655225870461 0.8791991930532409 0.37205841317086774 0.08003683887378292 
13 0.25206957492326293 0.6209981580563109 0.4604222862989489 0.14472414700464875 
13 0.26137103525253463 0.36882729585124113 0.45732179952252494 0.23243575124989035 
0 0.2629212786407466 0.3704718884308394 0.4666232598517968 0.2291465660906938 
1 0.2543949400055809 0.6226427506359092 0.4433696090286175 0.13924217173932116 
4 0.7481474591510867 0.36937549337777387 0.4635227730753729 0.23133935619682483 
2 0.7419464855982388 0.6281247259012367 0.460422286298949 0.20941145513551435 
11 0.7031904008929402 0.7832646259100079 0.3736086565590797 0.043855802122620816 
3 0.7055157659752581 0.8781027980001754 0.3937618206058352 0.08880799929830727 
14 0.10944718320776359 0.0722524339970178 0.14417263510371126 0.10854311025348652 
14 0.32338077078101257 0.03990877993158495 0.24958918550212378 0.03289185159196562 
14 0.5783958081418783 0.08157179194807475 0.7627197470002791 0.048241382334882905 
14 0.4753046228257836 0.17915095167090606 0.9006914085511426 0.07236207350232435 
8 0.10479645304312774 0.07225243399701779 0.1503736086565591 0.11731427067801069 
7 0.32415589247511856 0.037715989825453905 0.2511394288903357 0.030699061485834574 
9 0.5807211732241963 0.08157179194807472 0.7673704771649149 0.04604859222875187 
10 0.47375437943757165 0.17860275414437327 0.9130933556568381 0.07565125866152092 
