13 0.2985768765696214 0.2775414437330059 0.5379344557095463 0.12498903604946934 
13 0.30632809351068113 0.592755021489343 0.5503364028152421 0.4374616261731427 
13 0.29547638979319746 0.8641127971230594 0.47282423340464447 0.06359091307780027 
13 0.7954298824915511 0.8273835628453644 0.3503550057359005 0.1195070607841417 
13 0.7000899141165162 0.9430532409437768 0.13797166155086352 0.05043417244101401 
13 0.7959724676774254 0.6030172791860363 0.4072489380832792 0.25405666169634245 
13 0.7628747713391002 0.4063678624682045 0.3472545189594766 0.06249451802473469 
0 0.3047778501224692 0.2775414437330059 0.5503364028152421 0.1293746162617314 
1 0.31175394536942297 0.5965924041750724 0.5518866462034538 0.4385580212262082 
11 0.3016773633460453 0.8624682045434611 0.488326667286764 0.07345846855538986 
5 0.6977645490341983 0.9414086483641785 0.1426223917154993 0.05591614770634156 
4 0.802405977738505 0.8268353653188317 0.3519052491241126 0.12279624594333823 
2 0.7938796391033391 0.594947811595474 0.40306328093510685 0.24230330672748 
3 0.7644250147273122 0.403078677309008 0.3565559792887484 0.0603017279186036 
14 0.22494031562955386 0.9392158582580475 0.2573404024431836 0.04714498728181748 
14 0.7303196601866493 0.27644504867994035 0.2821442966545748 0.11621787562494516 
14 0.17533252720677148 0.12897991404262785 0.27594332310172703 0.029602666432769046 
14 0.17610764890087743 0.08457591439347426 0.2867950268192106 0.037277431804227684 
14 0.5768455647536662 0.09828085255679325 0.18602920658543387 0.13704938163319005 
14 0.7907791523269153 0.10924480308744847 0.17052677270331454 0.11950706078414172 
7 0.17378228381855945 0.08402771686694151 0.3069481908659659 0.042759407069555305 
9 0.18153350075961927 0.12843171651609508 0.30074721731311826 0.037277431804227705 
9 0.7310947818807552 0.27644504867994035 0.2836945400427867 0.1206034558372073 
8 0.5861470250829379 0.0938952723445312 0.20773261402040116 0.1392421717393211 
10 0.7876786655504915 0.10595561792825191 0.18602920658543387 0.134856591527059 
6 0.21796422038260002 0.9441496359968423 0.2557901590549716 0.05262696254714503 
