13 0.680339813350696 0.36718270327164276 0.581341270579481 0.22476098587843168 
13 0.7010355625833256 0.669458819401807 0.5979288748333489 0.3315498640470134 
13 0.681890056738908 0.9257959828085256 0.5627383499209376 0.12498903604946925 
13 0.17341022540538864 0.8320542057714235 0.30229746070133 0.06468730813086578 
13 0.1803863206523424 0.7004867994035612 0.32245062474808545 0.13924217173932116 
13 0.18736241589929623 0.4757258135251294 0.32710135491272135 0.20721866502938346 
1 0.6756890831860602 0.36992369090430666 0.5689393234737854 0.22366459082536622 
2 0.6997178557033453 0.6703359354442593 0.5859920007441168 0.3267257258135251 
0 0.684215421821226 0.9290851679677222 0.5611881065327257 0.1271818261556004 
3 0.16488388677022295 0.8353433909306202 0.2604408892196075 0.05372335760021041 
5 0.1904629026757201 0.6977458117708973 0.3333023284655691 0.1447241470046487 
4 0.18426192912287231 0.47462941847206386 0.3333023284655692 0.20721866502938346 
14 0.19046290267572 0.945531093763705 0.3177998945834496 0.0920971844575038 
14 0.1703097386289647 0.3052363827734409 0.2619911326078194 0.08332602403297959 
14 0.6811149350448019 0.14845189018507146 0.5890924875205407 0.1754232084904833 
14 0.684215421821226 0.031685817033593536 0.5518866462034541 0.053723357600210506 
14 0.19046290267572005 0.13419875449521973 0.3022974607013301 0.19077273923340057 
6 0.20131460639320373 0.9460792912902376 0.3426037887948409 0.08880799929830714 
10 0.1811614423464484 0.30742917287957194 0.2774935664899389 0.08113323392684853 
8 0.192013146063932 0.13803613718094904 0.3022974607013301 0.19406192439259717 
7 0.6725885964096362 0.031137619507060784 0.5255325086038508 0.052626962547144995 
9 0.68344030012712 0.14900008771160422 0.5906427309087529 0.17871239364967986 
