13 0.7013013185927333 0.32242629092686104 0.5830022456382796 0.12726014008796221 
13 0.6401220705936546 0.45528587717869357 0.4260954684171128 0.07126567844925877 
13 0.6775493752519145 0.5896725851115817 0.5383773823918927 0.13642287017429547 
13 0.7077791213220475 0.7235502524841179 0.5901998042264064 0.08042840853559217 
13 0.7142569240513618 0.8589550415377096 0.5858812690735302 0.13336862681218434 
13 0.23202049864685895 0.4089631861866753 0.2547935740196925 0.2982977683661834 
13 0.21330684631772898 0.696062062225118 0.2346404099729371 0.08042840853559217 
0 0.6962630275810444 0.32039012868545363 0.5585305464386479 0.1252239778465548 
5 0.6401220705936546 0.4542677960579899 0.44049058559336685 0.06515719172503662 
1 0.664593769793286 0.5845821795080631 0.509587148039385 0.12827822120866583 
11 0.7120976564749236 0.7194779280013031 0.5729256636149017 0.0763560840527774 
2 0.7171359474866125 0.8584460009773578 0.588760292508781 0.13438670793288812 
3 0.1967524615650371 0.6970801433458218 0.2015316404675533 0.06617527284574028 
4 0.22842171935279548 0.4084541456263235 0.26774917947832094 0.29727968724547965 
14 0.2320204986468589 0.8324849323994136 0.2950999021132031 0.15169408698485087 
14 0.653077676052283 0.1457892164847695 0.6218690620141647 0.08959113862192541 
14 0.6509184084758449 0.06332464570777 0.6549778315195485 0.057012542759407064 
14 0.19027465883572287 0.1300089591138622 0.24615650371394027 0.18223652060596188 
10 0.23489952208210968 0.8319758918390617 0.2950999021132032 0.15067600586414723 
8 0.18379685610640867 0.130517999674214 0.25623308573731784 0.1730737905196286 
7 0.6487591408994068 0.0653608079491774 0.6535383198019231 0.059048705000814466 
9 0.6638740139344734 0.1488434598468806 0.637703690908044 0.097735787587555 
