13 0.33345735280439026 0.2712481361284098 0.579791027191269 0.17761599859661434 
13 0.7977552475738691 0.27179633365494255 0.29919697392490624 0.18748355407420397 
13 0.8039562211267169 0.45763529514954826 0.3364028152419929 0.10963950530655203 
13 0.741946485598239 0.6199017630032454 0.20308188385576534 0.11402508551881421 
13 0.34353393482776795 0.8539821068327339 0.5999441912380243 0.2642312077887904 
13 0.3241558924751186 0.5469914919743882 0.5797910271912691 0.29493026927462507 
0 0.3381080829690261 0.26905534602227876 0.579791027191269 0.1798087887027454 
2 0.3280315009456484 0.5458950969213227 0.5937432176851766 0.29493026927462507 
1 0.34043344805134407 0.8578194895184633 0.5937432176851766 0.2653276028418559 
3 0.7427216072923449 0.6204499605297781 0.21703407434967276 0.11950706078414176 
5 0.8101571946795647 0.45982808525567936 0.33950330201841694 0.11402508551881414 
4 0.8016308560443989 0.27015174107534423 0.2976467305366943 0.1820015788088764 
14 0.7892289089387035 0.7470835891588457 0.2604408892196075 0.05920533286553809 
14 0.3861656280035965 0.058547495833698796 0.3286515983009332 0.057012542759407064 
14 0.403218305273928 0.1095298658012455 0.35965646606517226 0.04714498728181738 
14 0.831085480420426 0.07444522410314884 0.2883452702074225 0.1173142706780107 
14 0.11797352184292932 0.07992719936847645 0.18292871980901002 0.12169985089027278 
6 0.7892289089387035 0.7470835891588457 0.2697423495488791 0.06578370318393129 
8 0.1125476699841875 0.07828260678887816 0.181378476420798 0.12718182615560036 
7 0.3760890459802189 0.05799929830716604 0.31779989458344965 0.055916147706341554 
9 0.3977924534151862 0.11062626085431103 0.35810622267696035 0.04933777738794843 
10 0.83418596719685 0.07389702657661609 0.3100486776423898 0.12937461626173144 
