13 0.7103370229125973 0.40293614595210947 0.5793259541748055 0.09891676168757127 
13 0.7049111710538555 0.5448864134725024 0.5901776578922893 0.1394175949478116 
13 0.6888661519858618 0.7980659591263924 0.5456856726506062 0.3234365406543285 
13 0.6764642048801662 0.9767783527760723 0.5301832387684866 0.029602666432769174 
13 0.22301801382817107 0.8402771686694149 0.33950330201841694 0.08551881413911061 
13 0.20286484978141572 0.6237391456889746 0.33950330201841694 0.29712305938075606 
0 0.7118872663008092 0.4038351898956232 0.5762254673983817 0.10510042978686085 
1 0.7020432207856634 0.5409613191825279 0.5720398102502092 0.14253135689851767 
2 0.6888661519858618 0.8002587492325235 0.5456856726506062 0.3278221208665907 
11 0.6904163953740736 0.9784229453556706 0.520881778439215 0.028506271379703536 
3 0.22146777043995902 0.8391807736163495 0.3240008681362974 0.08332602403297959 
4 0.19821411961677982 0.6231909481624419 0.35500573590053647 0.3004122445399526 
14 0.161008278299693 0.9504648715024998 0.2185843177378849 0.07126567844925884 
14 0.1889126592875081 0.3726646785369705 0.33950330201841694 0.14362775195158325 
14 0.6896412736799677 0.1895667046750285 0.6030446780144483 0.2730023682133146 
14 0.7121198028090411 0.036071397245855626 0.27594332310172687 0.03618103675116218 
14 0.1679843735466468 0.13639154460135075 0.29454624376027044 0.24778528199280767 
8 0.16953461693485875 0.13529514954828523 0.3007472173131182 0.25217086220506973 
7 0.709019316032617 0.035523199719322864 0.2883452702074225 0.03947022191035874 
9 0.6904163953740736 0.19011490220156127 0.610795894955508 0.27629155337251116 
6 0.16178339999379898 0.9477238838698361 0.2232350479025207 0.07236207350232435 
10 0.19278826775803795 0.3715682834839049 0.3472545189594766 0.1436277519515832 
