13 0.6462034539422689 0.19476361722655905 0.6387002759433232 0.12827822120866592 
13 0.6690230366167489 0.4611985790720112 0.6595355470808918 0.3124945180247347 
13 0.6586054010479645 0.7818831681431454 0.6604036833782905 0.3091834049644768 
13 0.16717824698477665 0.43377773879484255 0.24803894211391192 0.1195070607841417 
13 0.12687191889126592 0.7193886501184107 0.16742628592689046 0.3311113060257872 
0 0.6469785756363748 0.19531181475309184 0.6371500325551113 0.12718182615560036 
2 0.6682479149226429 0.46343522498026485 0.6610857904691037 0.31258222962897997 
1 0.6524044274951167 0.7791421805104816 0.6728056304839859 0.3080870099114112 
3 0.1710538554553065 0.43542233137444086 0.24958918550212386 0.1227962459433383 
4 0.12764704058537188 0.7221296377510744 0.1689765293151024 0.3322077010788527 
14 0.10749387653861654 0.9715595123234804 0.11626825411589624 0.04824138233488299 
14 0.1586519083496109 0.28137882641873524 0.2681921061606673 0.08661520919217615 
14 0.15400117818497505 0.22107709850013157 0.24338821194927604 0.027409876326638025 
14 0.1625275168201408 0.192570827120428 0.2573404024431836 0.0317954565389001 
14 0.15245093479676308 0.0895096921322691 0.28679502681921065 0.17651960354354884 
14 0.6632561312126004 0.05552144548723797 0.6387002759433232 0.08880799929830717 
8 0.14857532632623324 0.0878650995526708 0.28524478343099874 0.17103762827822122 
7 0.1625275168201408 0.19531181475309184 0.2573404024431836 0.02631348127357248 
9 0.15942703004371678 0.217787913340935 0.25734040244318357 0.02521708622050697 
9 0.6721235233931727 0.05537891413033945 0.653334573528044 0.08194456626611701 
10 0.1578767866555049 0.27918603631260414 0.2914457569838464 0.09538636961670027 
6 0.1214460670325241 0.9704631172704149 0.14417263510371134 0.04824138233488299 
