13 0.6645937697932861 0.37027610359993485 0.3857891403236021 0.22906825215833196 
13 0.690677722116658 0.7355228864635934 0.46386825588760305 0.4097980127056524 
13 0.2125870904589163 0.6197059781723407 0.4088213278056083 0.265719172503665 
0 0.6552369436287211 0.36976706303958295 0.39298669891172916 0.22397784655481345 
2 0.6916565900846433 0.7350138459032416 0.4514308746473196 0.41081609382635614 
4 0.21474635803535436 0.6207240592930445 0.41601888639373524 0.2718276592278873 
14 0.18307710024759596 0.8665906499429875 0.3440433005124661 0.10588043655318446 
14 0.19747221742384977 0.37282130640169403 0.3843496286059767 0.11809741000162892 
14 0.7372891115333678 0.07554161915621437 0.5081476363217597 0.059048705000814466 
14 0.7502447169919962 0.13815360807949176 0.48511544883975355 0.05192213715588857 
14 0.2154661138941671 0.1417168920019547 0.33972476535959006 0.2158331975891839 
8 0.21978464904704323 0.14120785144160286 0.3310876950538378 0.20667046750285065 
7 0.7380088673921805 0.0770687408372699 0.48367593712212803 0.05395829939729597 
9 0.7257730177923648 0.13611744583808436 0.4419300973109922 0.04581365043166638 
9 0.1974722174238498 0.37383938752239776 0.36995451142972297 0.11198892327740669 
10 0.1650832037772787 0.8676087310636912 0.3051764841365808 0.10791659879459192 
