13 0.4479700899248079 0.17980576416466798 0.8575518770240032 0.087484763889435 
13 0.4590890769850868 0.2579522667400621 0.8770101043794912 0.043250894507136414 
13 0.4514447733811451 0.4152282467660127 0.8589417504065379 0.23198207053827705 
13 0.4521397100724125 0.6270593323634648 0.8797898511445607 0.17398655290370782 
13 0.11857009826404817 0.756812015884874 0.20153164046755342 0.042267919631974224 
13 0.24782832283978934 0.8098926591436324 0.4795063169745237 0.05799551763456923 
13 0.7046797036789949 0.7820154916840325 0.4036192302881207 0.10643651948256198 
13 0.36944224381158886 0.8713285888412693 0.46699745653171004 0.04128494475681207 
0 0.4500548999986102 0.1768568395391814 0.8589417504065381 0.09141666339008377 
5 0.4576992036025519 0.2559863169897377 0.877010104379491 0.04718279400778516 
1 0.4521397100724125 0.4147367593284316 0.8658911173192123 0.23296504541343926 
2 0.45561439352874966 0.6270593323634648 0.886739218057235 0.179884402154681 
3 0.11787516157278076 0.7573035033224551 0.2084810073802276 0.04718279400778526 
4 0.25060806960485904 0.8079267093933079 0.4767265702094539 0.056029567884244916 
4 0.7039847669877275 0.7834899539967759 0.4050091036706555 0.1034875948570754 
11 0.37778148410679796 0.8708371014036882 0.4781164435919889 0.038336020131325345 
14 0.8419991938734381 0.05545944245665081 0.09173164324730032 0.09829748751621911 
14 0.13594351554573386 0.022529784138717417 0.22793923473571565 0.022608422128730394 
14 0.40418907837496015 0.05889985451971848 0.7811088409845863 0.05209766838359612 
14 0.3889004711670767 0.09723587465104393 0.7421923862736105 0.024574371879054785 
14 0.19014857746459302 0.8978689104706484 0.102850630307579 0.01769354775291944 
6 0.1922333875383953 0.9003263476585539 0.10979999722025319 0.022608422128730345 
7 0.13107895870686184 0.02105532182597413 0.22098986782304136 0.0216254472535682 
10 0.4027992049924253 0.0574253922069752 0.7727696006893773 0.0530806432587583 
9 0.3923751546234139 0.09723587465104393 0.7658202337767029 0.03047222113002791 
8 0.8426941305647055 0.05595092989423191 0.09590126339490472 0.0992804623913813 
