13 0.3195051623104827 0.3422287518638716 0.5425851858741821 0.3245329357073941 
13 0.7768269618330077 0.3164634681168319 0.3565559792887482 0.2751951583194457 
13 0.7915542740210212 0.5867248486974828 0.3705081697826558 0.212700640294711 
13 0.7830279353858556 0.7506359091307782 0.36275695284159615 0.05372335760021054 
13 0.30012711995783337 0.7473467239715814 0.522432021827427 0.4199193053240943 
0 0.7892289089387033 0.31810806069643016 0.36585743961802003 0.27629155337251116 
1 0.31020370198121106 0.33729497412507675 0.5301832387684867 0.31905096044206643 
2 0.30322760673425725 0.7500877116042453 0.5317334821566986 0.4297868608016841 
3 0.7721762316683719 0.7517323041838435 0.3503550057359005 0.05810893781247258 
14 0.20943788174743433 0.05881063064643453 0.30384770408954204 0.03618103675116218 
14 0.8628654698787709 0.07251556880975353 0.20308188385576534 0.13814577668625558 
14 0.22416519393544784 0.0922506797649329 0.35190524912411253 0.035084641698096664 
14 0.7768269618330077 0.8816551179721076 0.3751588999472918 0.15788088764143496 
7 0.2233900722413419 0.05990702569950005 0.33795305863020497 0.040566616963424264 
9 0.23269153257061362 0.0949916673975967 0.35965646606517226 0.040566616963424264 
8 0.864415713266983 0.07361196386281905 0.19998139707934148 0.1381457766862556 
10 0.7644250147273122 0.8761731427067802 0.3472545189594768 0.14910972721691088 
