13 0.7252968716088426 0.3748574686431015 0.5100300747217315 0.18090518375581088 
13 0.7159954112795709 0.6516972195421454 0.5038291011688836 0.28944829400929745 
13 0.7435122314203331 0.9191847206385405 0.4968530059219297 0.1622006841505131 
13 0.16333364338201095 0.776138058065082 0.23873748178464013 0.07565125866152088 
13 0.23774532601618453 0.5902990965704762 0.35965646606517226 0.212700640294711 
0 0.7268471149970546 0.37924304885536353 0.5069295879453074 0.18090518375581088 
1 0.7276222366911606 0.6560827997544075 0.5022788577806716 0.29164108411542844 
2 0.7227544724521751 0.9208293132181387 0.45533748798561374 0.1589114989913166 
3 0.1695346169348587 0.7788790456977459 0.23873748178464013 0.0679764932900623 
4 0.24472142126313828 0.5881063064643451 0.364307196229808 0.21927901061310415 
14 0.16720925185254085 0.92469958775546 0.2526896722785478 0.05043417244101401 
14 0.20053948469909771 0.35073677747566 0.3193501379716616 0.1655556530128936 
14 0.7291724800793724 0.174765371458644 0.4960778842278237 0.08771160424524166 
14 0.712894924503147 0.11281905096044205 0.39841255077047083 0.047144987281817395 
14 0.20596533655783958 0.11884922375230243 0.2526896722785478 0.1688448381720902 
8 0.20596533655783955 0.12213840891149899 0.23408675162000434 0.15788088764143496 
7 0.7167705329736769 0.10898166827471276 0.40306328093510685 0.04604859222875187 
9 0.7338232102440083 0.17147618629944741 0.5022788577806716 0.07236207350232435 
10 0.19511363284035585 0.3447066046837996 0.3084984342541779 0.15349530742917286 
6 0.1416302359470437 0.9203140075431979 0.21393358757324898 0.05043417244101388 
