13 0.2451244845440734 0.5415095167090606 0.2681921061606673 0.1260854311025348 
13 0.21411961677983438 0.9608806245066221 0.2681921061606672 0.035084641698096726 
13 0.7280252999720955 0.2975616174019823 0.4712739900164327 0.11621787562494516 
13 0.7334511518308374 0.4554425050434172 0.47592472018106835 0.17761599859661428 
13 0.7435277338542151 0.6851372686606437 0.4867764238985521 0.26642399789492144 
13 0.7334511518308374 0.8775546004736428 0.4635227730753729 0.08551881413911061 
0 0.7319009084426256 0.8775546004736426 0.4666232598517967 0.08113323392684843 
1 0.7365516386072614 0.6851372686606437 0.47902520695749223 0.2620384176826594 
1 0.7311257867485196 0.298109814928515 0.4650730164635848 0.11950706078414172 
2 0.7288004216662015 0.4554425050434172 0.45422131274610106 0.17542320849048326 
4 0.24357424115586146 0.5404131216559952 0.274393079713515 0.130471011314797 
3 0.19009084426254919 0.959236031927024 0.21703407434967295 0.036181036751162236 
14 0.11645428332248157 0.8748136128409787 0.15347409543298296 0.05591614770634156 
14 0.2296220506619539 0.7240592930444698 0.3084984342541779 0.16445925795982816 
14 0.19706693950950294 0.3266160863082186 0.33640281524199295 0.21160424524164545 
14 0.2521005797910272 0.11446364354004034 0.41856571481722626 0.1820015788088764 
14 0.7264750565838837 0.1232348039645645 0.42166620159365004 0.1863871590211385 
7 0.2451244845440734 0.11775282869923691 0.4015130375468948 0.1754232084904833 
8 0.7288004216662016 0.12762038417682658 0.38911109044119924 0.1798087887027454 
9 0.1908659659566552 0.32990527146741516 0.32710135491272135 0.2028330848171213 
10 0.22807180727374196 0.723511095517937 0.3022974607013301 0.16117007280063148 
6 0.11102843146373981 0.8748136128409789 0.0961150900691408 0.040566616963424285 
