13 0.2931510247108796 0.5006578370318393 0.4960778842278238 0.30808700991141125 
13 0.7745015967506899 0.4244583808437856 0.39531206399404695 0.17542320849048326 
13 0.739621120515921 0.6930751688448382 0.3782593867237157 0.23901412156828353 
13 0.7683006231978421 0.9063240066660819 0.38911109044119924 0.12169985089027284 
0 0.769850866586054 0.41788001052539253 0.39531206399404717 0.1688448381720902 
2 0.2962515114873035 0.4924348741338479 0.4867764238985521 0.2806771335847732 
4 0.738845998821815 0.6908823787387072 0.37980963011192764 0.2368213314621525 
3 0.769075744891948 0.9079685992456803 0.3689579263944439 0.11621787562494516 
14 0.23889250612346133 0.8323173405841592 0.4557715561343131 0.19954389965792474 
14 0.7845781787740675 0.1531006052100693 0.3410535454066287 0.240110516621349 
14 0.28152419929928996 0.10102184018945706 0.4418193656404056 0.06797649329006229 
14 0.3373329612749202 0.1920226295938953 0.553436889591666 0.07894044382071748 
7 0.2846246860757139 0.1004736426629243 0.4759247201810684 0.06688009823699675 
8 0.7892289089387035 0.15803438294886413 0.3503550057359005 0.24120691167441452 
9 0.3342324744984962 0.19202262959389527 0.5565373763680898 0.08332602403297955 
10 0.24199299289988524 0.8312209455310937 0.4433696090286175 0.17542320849048326 
