13 0.7144451678913589 0.20875361810367515 0.4697237466282206 0.2719059731602491 
13 0.712894924503147 0.4861415665292518 0.4573217995225251 0.19735110955179366 
13 0.709794437726723 0.6752697131830542 0.488326667286764 0.10854311025348647 
13 0.710569559420829 0.8375361810367511 0.4929773974513998 0.12169985089027284 
13 0.21449167519300533 0.7810718358038768 0.31624965119523774 0.06359091307780014 
13 0.12535268037081818 0.701034996930094 0.17207701609152637 0.039470221910358774 
13 0.222242892134065 0.5628892202438383 0.3689579263944439 0.16445925795982802 
0 0.7105695594208291 0.4844969739496535 0.4619725296871609 0.19625471449872822 
1 0.7167705329736769 0.20765722305060957 0.46817350324000867 0.27190597316024906 
2 0.6904163953740737 0.6758179107095869 0.4619725296871609 0.11402508551881414 
11 0.7059188292561932 0.838084378563284 0.4464700958050414 0.1206034558372072 
3 0.16798437354664686 0.7777826506446803 0.24803894211391192 0.05701254275940707 
5 0.131553653923666 0.7015831944566265 0.19378042352649363 0.03179545653890007 
4 0.2268936222987009 0.5628892202438381 0.3782593867237157 0.1666520480659591 
14 0.5966266703872507 0.9674589948250154 0.23098626484358037 0.05043417244101401 
14 0.21991752705174714 0.9148320322778704 0.3426037887948409 0.1206034558372072 
14 0.1982141196167798 0.31565213577756335 0.33950330201841683 0.2137970353477765 
14 0.1834868074287663 0.19011490220156127 0.2697423495488792 0.03289185159196564 
14 0.19356338945214402 0.09582492763792651 0.27749356648993895 0.15788088764143496 
6 0.6082534957988404 0.9740373651434086 0.24493845533748798 0.041663012016489795 
10 0.2106160667224754 0.9170248223840015 0.33950330201841694 0.12279624594333836 
9 0.21836728366353517 0.3140075431979651 0.398412550770471 0.20173668976405576 
7 0.17573559048770654 0.19340408736075784 0.2635413759960313 0.030699061485834556 
8 0.19356338945214396 0.09418033505832824 0.2836945400427868 0.16774844311902465 
