13 0.44662512014386263 0.2079203578633453 0.85883483706942 0.11950706078414176 
13 0.49235730009611506 0.3592228751863872 0.9409977366446534 0.13485659152705903 
13 0.5094099773664466 0.5362906762564688 0.9378972498682294 0.1841943689150074 
13 0.5156109509192943 0.6886895886325761 0.9658016308560444 0.12279624594333836 
13 0.5613431308715469 0.8098412419963162 0.824729482528757 0.06249451802473462 
13 0.2962515114873035 0.8794623278659767 0.24493845533748798 0.024120691167441494 
0 0.4698787709670417 0.21120954302254188 0.8898397048336589 0.12169985089027278 
11 0.49235730009611506 0.3531927023945268 0.8882894614454467 0.12060345583720727 
2 0.5156109509192943 0.537935268836067 0.8727870275633274 0.17871239364967986 
5 0.5148358292251884 0.3553854925006578 0.8650358106222675 0.1227962459433383 
1 0.521811924472142 0.6881413911060433 0.9037918953275665 0.12169985089027284 
4 0.5652187393420768 0.8092930444697833 0.8355811862462406 0.07016928339619333 
3 0.2846246860757139 0.8805587229190422 0.23098626484358045 0.030699061485834556 
14 0.32725637925154244 0.9304446978335235 0.3224506247480854 0.03179545653890007 
14 0.48769106749759716 0.9741250767476538 0.7642389855207268 0.05117972107709847 
14 0.741946485598239 0.09005788965880186 0.39531206399404717 0.05701254275940707 
14 0.09627011440796204 0.06100342075256556 0.16122531237404272 0.11292869046574862 
8 0.10169596626670381 0.058262433119901764 0.16277555576225466 0.11183229541268311 
7 0.7481474591510867 0.08841329707920358 0.42631693175828606 0.0646873081308657 
6 0.33345735280439026 0.9293483027804578 0.32555111152450944 0.03179545653890007 
10 0.5086348556723405 0.9732041049030787 0.8154280221994853 0.04933777738794837 
