13 0.2809638970461219 0.3422788727805831 0.4937525191455059 0.2137970353477765 
13 0.28240340876374725 0.6273415865776184 0.5052686128865088 0.2606287669001466 
13 0.781194218920942 0.2873024922625835 0.43473253872286516 0.10791659879459198 
13 0.7840732423561927 0.5082260954552859 0.460643749640122 0.25655644241733183 
13 0.7581620314389358 0.736785307053266 0.41457937467610984 0.11300700439811048 
0 0.2802441411873092 0.3417698322202313 0.48655496055737896 0.21277895422707277 
1 0.2802441411873092 0.6278506271379704 0.5153451949098866 0.2657191725036651 
4 0.7819139747797547 0.28119400553836127 0.4275349801347382 0.09773578758755495 
2 0.7927391028962976 0.5098753868708259 0.46933840041457947 0.2618911874898192 
3 0.7466459376979327 0.7357672259325623 0.3857891403236021 0.11097084215670303 
14 0.4335521391144123 0.17531356898517675 0.8248402141993436 0.054976380517999655 
14 0.5875798929003282 0.09284899820817721 0.7874129095410838 0.06922951620785145 
14 0.394685322738527 0.041944942172992335 0.39586572234698 0.03054243362111093 
7 0.3982841020325905 0.04245398273334419 0.4001842574998561 0.033596676983222024 
14 0.10462371163701263 0.07401449747515881 0.16410433580929348 0.11300700439811046 
9 0.5875798929003281 0.09284899820817721 0.7931709564115852 0.06922951620785145 
8 0.10390395577819997 0.0770687408372699 0.16842287096216965 0.11300700439811041 
10 0.4299533598203489 0.17734973122658412 0.8118846087407151 0.05904870500081446 
