13 0.6931138188695625 0.4156872204192615 0.5642885933091494 0.08551881413911061 
13 0.6838123585402908 0.6086527497587931 0.576690540414845 0.23901412156828344 
13 0.6884630887049267 0.8136786246820454 0.6076954081790841 0.1206034558372072 
13 0.6373050568939322 0.9446978335233752 0.458872042910737 0.07126567844925884 
0 0.6969894273400924 0.41733181299885974 0.5751402970266333 0.08003683887378299 
1 0.6814869934579729 0.6059117621261293 0.5720398102502092 0.23572493640908693 
4 0.678386506681549 0.8125822296289799 0.5906427309087526 0.12279624594333823 
3 0.6365299351998264 0.9425050434172442 0.4480203391932533 0.07126567844925884 
14 0.1993612997240567 0.5149109727216911 0.3115989210306018 0.2554600473642663 
14 0.20091154311226864 0.23752302429611435 0.2247852912907327 0.22476098587843168 
14 0.6101757976002232 0.2342338391369178 0.38291011688835147 0.12169985089027281 
7 0.6094006759061172 0.23094465397772126 0.4154652280408025 0.13047101131479696 
8 0.20091154311226858 0.23697482676958156 0.24338821194927604 0.22805017103762826 
10 0.19471056955942084 0.5138145776686256 0.31779989458344965 0.2532672572581352 
