13 0.2877251728521378 0.30001754232084904 0.4976281276160358 0.18309797386194193 
13 0.24509347967630915 0.6771774405753881 0.4371686354757697 0.4900885887202877 
13 0.7814776919976436 0.4688623804929392 0.32245062474808545 0.09757915972283135 
13 0.767525501503736 0.6196167002894484 0.32555111152450933 0.12498903604946938 
13 0.8039562211267169 0.7506359091307779 0.3736086565590797 0.062494518024734755 
13 0.7652001364214182 0.8547934391720026 0.30229746070132996 0.0844224190860451 
13 0.7900040306328093 0.3011139373739146 0.333302328465569 0.15239891237610734 
0 0.29160078132266765 0.2989211472677835 0.5084798313335194 0.18529076396807295 
2 0.7931045174092333 0.30056573984738183 0.34570427557126465 0.160073677747566 
1 0.7861284221622794 0.4683141829664065 0.3317520850773571 0.10525392509428992 
4 0.24199299289988524 0.6755328479957898 0.4433696090286175 0.4977633540917464 
5 0.7589991628685703 0.6196167002894484 0.29299600037205853 0.12060345583720727 
3 0.803181099432611 0.7489913165511797 0.3751588999472916 0.06359091307780027 
11 0.7768269618330078 0.8553416366985352 0.32245062474808545 0.08551881413911061 
14 0.7876786655504914 0.9529207964213665 0.3348525718537809 0.028506271379703536 
14 0.2249403156295538 0.09608806245066223 0.3658574396180199 0.02083150600824488 
14 0.36756270734505314 0.12075695114463643 0.6480017362725947 0.02631348127357248 
14 0.8682913217375128 0.09334707481799842 0.20153164046755342 0.1271818261556004 
14 0.20168666480637457 0.06538900096482764 0.3348525718537809 0.036181036751162174 
6 0.7489225808451927 0.9534689939478993 0.27594332310172703 0.03179545653890007 
8 0.8721669302080425 0.0922506797649329 0.2092828574086131 0.1337601964739935 
10 0.3737636808979009 0.12240154372423472 0.6697051437075621 0.029602666432769046 
9 0.22106470715902393 0.09444346987106393 0.37670914333550354 0.024120691167441446 
7 0.2171890986884941 0.06484080343829489 0.3689579263944439 0.03947022191035874 
