13 0.6291817815397017 0.3238750986755548 0.7208631755185564 0.1425313568985177 
13 0.6374755836666357 0.49976975703885623 0.7250488326667287 0.14128146653802304 
13 0.6392583635630793 0.6193535654767126 0.7162124453539205 0.10415753004122441 
13 0.6284066598455957 0.7437944039996492 0.7286143924596161 0.1030611349881589 
13 0.5950764269990388 0.8605604771511269 0.6247480854494156 0.0844224190860451 
3 0.6059281307165224 0.8594640820980616 0.6371500325551113 0.08880799929830714 
0 0.5741481412581776 0.7416016138935181 0.6169968685083558 0.10525392509429006 
5 0.6398009487489535 0.6195618805367951 0.7203981025020929 0.10238137005525833 
2 0.6374755836666357 0.49665599508815017 0.7250488326667287 0.1372467327427419 
1 0.6276315381514899 0.3238750986755548 0.7208631755185564 0.14472414700464872 
14 0.622205686292748 0.19121129725462677 0.6542027098254425 0.08332602403297955 
14 0.6718134747155303 0.9521094640820981 0.6200973552847798 0.05920533286553809 
14 0.6276315381514899 0.11994561880536796 0.7022602548600131 0.03727743180422772 
14 0.4237745326016184 0.0349750021927901 0.31314916441881374 0.036181036751162174 
14 0.435401358013208 0.07773440926234541 0.33640281524199295 0.03837382685729323 
7 0.4222242892134065 0.03333040961319182 0.3007472173131181 0.04166301201648979 
9 0.4307506278485722 0.07937900184194369 0.3240008681362973 0.043855802122620816 
10 0.6307320249279137 0.11830102622576967 0.7022602548600131 0.04714498728181736 
9 0.6237559296809599 0.1923076923076923 0.6542027098254425 0.0920971844575037 
6 0.6625120143862586 0.947723883869836 0.5921929742969647 0.05701254275940707 
