13 0.6857656652094379 0.23177791421805105 0.5859920007441168 0.18419436891500748 
13 0.61988032121043 0.4236470485045172 0.4635227730753729 0.1227962459433383 
13 0.6694881096332124 0.6018112446276642 0.5658388366973615 0.11073590035961754 
13 0.6795646916565901 0.7947767739671958 0.5890924875205407 0.18529076396807298 
13 0.16333364338201092 0.4614726778352776 0.24493845533748798 0.13704938163319005 
13 0.20984094502836947 0.6105824050521885 0.32555111152450944 0.11073590035961761 
2 0.6764642048801661 0.2323261117445838 0.5518866462034538 0.18090518375581094 
11 0.6175549561281121 0.42309885097798433 0.4557715561343132 0.12169985089027278 
1 0.6710383530214243 0.6018112446276642 0.5658388366973615 0.11292869046574856 
0 0.6849905435153318 0.7936803789141303 0.5906427309087529 0.18090518375581094 
4 0.16643413015843486 0.4598280852556793 0.2573404024431836 0.13814577668625558 
3 0.21139118841658142 0.6116788001052539 0.33485257185378103 0.11731427067801067 
14 0.18348680742876636 0.3112665555653013 0.2573404024431836 0.09319357951056921 
14 0.19123802436982607 0.10898166827471273 0.24183796856106418 0.17323041838435224 
14 0.5144637708120174 0.02784843434786422 0.23408675162000422 0.028506271379703532 
14 0.6578612842216228 0.07663801420927988 0.48987691067497596 0.06249451802473467 
8 0.19123802436982607 0.1095298658012455 0.2511394288903358 0.1765196035435488 
10 0.19511363284035596 0.3090737654591702 0.27749356648993895 0.0975791597228313 
7 0.5144637708120176 0.0240110516621349 0.2464886987256999 0.0317954565389001 
9 0.6601866493039408 0.07444522410314884 0.4914271540631879 0.06249451802473468 
