13 0.36486528384956435 0.18189193930356987 0.706910985024649 0.13704938163319008 
13 0.36253991876724645 0.46585825804753966 0.6898583077543174 0.3519428120340321 
13 0.35711406690850467 0.7827164283834751 0.6759061172604099 0.21818261556003868 
13 0.38424332620221374 0.9466274888167704 0.6712553870957741 0.06578370318393129 
13 0.8508665860540106 0.8040961319182527 0.2619911326078194 0.13376019647399345 
13 0.8477660992775866 0.6511490220156128 0.27129259293709124 0.11073590035961761 
13 0.8508665860540106 0.5036838873783 0.28059405326636283 0.09428997456363476 
0 0.3586643102967165 0.1813437417770371 0.700710011471801 0.1337601964739935 
1 0.35401358013208073 0.46805104815367066 0.6914085511425294 0.34975002192790106 
2 0.3633150404613524 0.7821682308569424 0.6852075775896816 0.22147180071923522 
4 0.37726723095525994 0.9460792912902377 0.6511022230490188 0.06468730813086578 
5 0.8547421945245405 0.8051925269713183 0.27904380987815075 0.14253135689851767 
11 0.8576101447927326 0.6522234891676169 0.28477971041453504 0.112884834663626 
3 0.8521842929339906 0.5026642399789493 0.29563141413201877 0.09444346987106396 
14 0.8493163426657984 0.3786948513288308 0.2743930797135151 0.11621787562494516 
14 0.8454407341952687 0.23287430927111658 0.2883452702074225 0.11841066573107621 
14 0.8601680463832821 0.0749934216296816 0.1906799367500697 0.13156740636786246 
14 0.2067404582519455 0.02291465660906938 0.36275695284159604 0.038373826857293215 
14 0.27805165410969523 0.06896324883782125 0.4867764238985521 0.03837382685729322 
7 0.2044150931696276 0.023462854135602135 0.35810622267696024 0.03947022191035874 
9 0.28812823613307287 0.0667704587316902 0.5038291011688836 0.04714498728181739 
9 0.8485412209716925 0.3786948513288308 0.25734040244318346 0.11621787562494516 
10 0.8446656125011628 0.2323261117445838 0.2836945400427867 0.11950706078414172 
8 0.8562924379127522 0.07608981668274713 0.16122531237404256 0.1337601964739935 
