13 0.4132948872973056 0.30659591263924213 0.6836573342014698 0.09977194982896234 
13 0.5225870461662481 0.5280677133584774 0.9022416519393543 0.29931584948688716 
13 0.23269153257061354 0.7446057363389176 0.22633553467894457 0.05701254275940707 
13 0.42879732117942515 0.8251907727392334 0.6278485722258395 0.06907288834312782 
13 0.6233528664000247 0.748443119024647 0.1457228784919234 0.062494518024734755 
13 0.32183052739280066 0.9211253398824665 0.4759247201810684 0.08551881413911061 
4 0.4132948872973056 0.30549951758617666 0.6898583077543176 0.09977194982896237 
4 0.6117260409884352 0.7435093412858521 0.11626825411589606 0.06578370318393116 
1 0.5233621678603539 0.5280677133584774 0.9068923821039904 0.3015086395930182 
3 0.23191641087650758 0.7446057363389176 0.23098626484358037 0.05701254275940707 
0 0.4311226862617431 0.8257389702657661 0.6200973552847798 0.06359091307780014 
11 0.3264812575574365 0.9216735374089992 0.4790252069574923 0.09100078940443829 
14 0.18075837906551323 0.07032277870362248 0.24338821194927604 0.02631348127357248 
14 0.2846246860757139 0.09279887729146567 0.4759247201810684 0.02521708622050697 
14 0.2543949400055809 0.1295281115691606 0.41236474126437855 0.05920533286553809 
14 0.8179084116206244 0.10485922287518638 0.18137847642079807 0.13485659152705903 
7 0.18153350075961922 0.06812998859749145 0.2511394288903357 0.030699061485834574 
9 0.28152419929929 0.09115428471186737 0.4759247201810684 0.024120691167441446 
10 0.25206957492326293 0.1295281115691606 0.42011595820543823 0.06139812297166916 
8 0.8186835333147303 0.10540742040171915 0.18292871980901002 0.1381457766862556 
13 0.5156109509192943 0.21011314796947636 0.9223948159861097 0.055916147706341526 
9 0.5140607075310824 0.2079203578633453 0.9254953027625336 0.06249451802473469 
