13 0.2753232257464422 0.34525480221033245 0.4883266672867641 0.32124375054819754 
13 0.26369640033485253 0.762433119901763 0.4836759371221281 0.42540128058942195 
13 0.7613245279508883 0.4527015174107534 0.45267106935788914 0.23791772651521795 
13 0.7616655814962949 0.6516862555916149 0.47505658388366984 0.10084641698096664 
13 0.7411713639041329 0.8517893167266029 0.42166620159365026 0.09100078940443816 
13 0.7496977025392987 0.23616349443031315 0.42321644498186217 0.10744671520042101 
0 0.2753232257464422 0.34635119726339797 0.5007286143924595 0.32562933076045963 
1 0.2652466437230645 0.764625910007894 0.48057545034570426 0.43197965090781515 
4 0.7543484327039345 0.23451890185071483 0.42321644498186217 0.10854311025348656 
2 0.7667503798096301 0.4537979124638189 0.4635227730753729 0.24230330672748 
13 0.738845998821815 0.7416016138935181 0.41081449787616653 0.06359091307780014 
1 0.760890459802189 0.6534185597754583 0.47660682727188175 0.10650381545478471 
5 0.7543484327039345 0.7416016138935181 0.4542213127461012 0.07455486360845551 
3 0.7473723374569807 0.8512411192000702 0.44026912225219367 0.08990439435137265 
14 0.7403962422100269 0.9449828962371722 0.4201159582054383 0.040566616963424285 
14 0.1218491303134592 0.0766380142092799 0.19688091030291752 0.12389264099640383 
14 0.3745388025920069 0.0448425576703798 0.3022974607013301 0.03618103675116218 
14 0.39701733172108017 0.07334882905008333 0.3410535454066288 0.02521708622050697 
14 0.8442625492202277 0.08102359442154197 0.30849843425417806 0.13266380142092798 
6 0.7403962422100269 0.945531093763705 0.42321644498186217 0.05043417244101388 
10 0.8469289678479522 0.08775546004736427 0.30452981118035527 0.1483203227787036 
7 0.3753139242861129 0.04100517498465048 0.3069481908659659 0.03289185159196562 
9 0.3939168449446563 0.07499342162968162 0.3379530586302049 0.030699061485834574 
8 0.1241744953957771 0.07663801420927988 0.17672774625616217 0.13485659152705903 
