13 0.5148358292251884 0.4765371458643979 0.824729482528757 0.3826418735198667 
13 0.4536012153908163 0.850956056486273 0.6867578209778936 0.2368213314621525 
1 0.4536012153908163 0.8520524515393387 0.6805568474250456 0.23243575124989033 
4 0.5163860726134002 0.4759889483378651 0.8402319164108765 0.3837382685729322 
14 0.5357641149660497 0.2079203578633453 0.398412550770471 0.03179545653890007 
14 0.16293058010107586 0.1421366546794141 0.22013456112609672 0.1436277519515832 
14 0.7876786655504914 0.0878650995526708 0.40306328093510685 0.037277431804227705 
14 0.8876693640901622 0.16022717305499518 0.19378042352649374 0.07894044382071749 
9 0.5334387498837317 0.20737216033681258 0.3999627941586828 0.041663012016489795 
8 0.15983009332465192 0.14378124725901237 0.22013456112609683 0.14910972721691082 
7 0.7913217375127896 0.08832558547495833 0.4165503984125508 0.0360056135426717 
10 0.8892196074783739 0.15913077800192965 0.19998139707934148 0.08332602403297958 
