13 0.2973986915945803 0.2855012718182615 0.5332837255449105 0.16884483817209017 
13 0.2935230831240504 0.5075212700640295 0.5131305614981552 0.18529076396807298 
13 0.3152264905590177 0.7613367248486974 0.5100300747217312 0.2236645908253661 
13 0.23771432114842025 0.9389527234453117 0.3426037887948407 0.07455486360845537 
13 0.795801940904722 0.6330585036400317 0.38601060366477535 0.34646083676870454 
0 0.30282454345332216 0.2860494693447943 0.5193315350510029 0.15897728269450043 
1 0.29119771804173256 0.5113586527497588 0.5301832387684867 0.1841943689150074 
2 0.3198772207236536 0.7651741075344268 0.519331535051003 0.2203754056661696 
3 0.2384894428425263 0.9378563283922463 0.3472545189594767 0.07894044382071755 
4 0.79812730598704 0.6347030962196298 0.38446036027656344 0.34975002192790106 
14 0.6810839301770378 0.9181212174370669 0.08526338635165717 0.06359091307780027 
14 0.7896009673518742 0.10952986580124549 0.1875794499736458 0.16336286290676258 
14 0.7849502371872383 0.31620033330409614 0.3488047623476887 0.1425313568985177 
14 0.2888723529594146 0.12378300149109726 0.47282423340464447 0.09977194982896236 
14 0.18733141103153195 0.05306552056837119 0.2635413759960314 0.03508464169809666 
7 0.19120701950206187 0.050872730462240154 0.27749356648993895 0.04385580212262082 
9 0.2911977180417325 0.12433119901763003 0.4619725296871609 0.09648276466976581 
8 0.7872756022695564 0.10733707569511446 0.18602920658543387 0.16774844311902465 
6 0.6903853905063094 0.9148320322778704 0.0821628995752333 0.06359091307780014 
