13 0.6882770594983413 0.15790281554249627 0.60459492140266 0.24339970178054557 
13 0.7154063187920503 0.37773002368213315 0.6278485722258395 0.12827822120866592 
13 0.7141041143459523 0.528045785457416 0.6314451368864913 0.16796772212963776 
13 0.7443338604160853 0.7544513639154461 0.5709856447462253 0.1997631786685379 
13 0.7009270455461508 0.9435356547671258 0.6577992744860943 0.13060257872116482 
13 0.17824698477660986 0.8349267608104554 0.3317520850773571 0.10854311025348659 
13 0.18754844510588162 0.6863652311200771 0.33175208507735715 0.12279624594333836 
0 0.6929277896629771 0.1589992105955618 0.6200973552847798 0.2499780720989387 
1 0.7161814404861563 0.3766336286290676 0.6231978420612037 0.130471011314797 
2 0.7156543577341643 0.5282321726164372 0.6283446501100673 0.1727260766599421 
5 0.7451089821101913 0.7540456977458118 0.5694354013580133 0.20114463643540045 
4 0.6978265587697269 0.9410578019471977 0.6640002480389421 0.13441803350583278 
11 0.17437137630608 0.8349267608104554 0.33640281524199295 0.11292869046574863 
3 0.18832356679998755 0.6852688360670117 0.3519052491241124 0.1293746162617314 
14 0.1844479583294577 0.11459521094640822 0.2666418627724552 0.18090518375581088 
14 0.17747186308250396 0.24342162968160688 0.3146994078070257 0.05481975265327605 
14 0.1945245403528353 0.3092053328655381 0.2991969739249062 0.05701254275940707 
14 0.1782469847766099 0.4835321463029558 0.2790438098781508 0.19296552933953162 
14 0.0774811645428332 0.9670423647048504 0.13022044460980375 0.08332602403297959 
6 0.07670604284872723 0.9637531795456539 0.1286702012215918 0.08551881413911061 
10 0.18212259324713984 0.48408034382948867 0.28679502681921065 0.2006402947109902 
9 0.19374941865872944 0.3097535303920709 0.30384770408954215 0.05810893781247258 
7 0.17282113291786813 0.24287343215507412 0.3115989210306018 0.05810893781247258 
8 0.18832356679998755 0.11569160599947373 0.2681921061606672 0.187483554074204 
