13 0.17806095557002452 0.6149679852644505 0.34880476234768865 0.24668888693974217 
13 0.7056862927479615 0.5834246995877554 0.5886274145040771 0.26473554951320066 
13 0.7059188292561932 0.886325760898167 0.5828915139676928 0.1863871590211385 
13 0.15403218305273925 0.8457591439347426 0.2976467305366942 0.1271818261556004 
4 0.17728583387591856 0.6166125778440488 0.35035500573590056 0.25217086220506973 
3 0.1517068179704213 0.8430181563020788 0.3022974607013301 0.1260854311025349 
0 0.6880910302917559 0.8802955881063065 0.547235916038818 0.17432681343741774 
1 0.7049111710538555 0.5834027716866942 0.5901776578922893 0.26249890360494693 
14 0.6591789911016029 0.24617358126480135 0.6816420177967941 0.2436847644943426 
14 0.14007999255883175 0.3540259626348566 0.2759433231017269 0.1436277519515832 
14 0.5361671782469847 0.0930839400052627 0.43561839208755765 0.060301727918603616 
14 0.16023315660558704 0.10404789053591791 0.2945462437602703 0.20502587492325236 
14 0.10752488140638078 0.9493684764494342 0.20773261402040116 0.027409876326638025 
7 0.5307413263882429 0.09582492763792651 0.40306328093510685 0.059205332865538106 
9 0.6622794778780269 0.24626129286904658 0.6754410442439464 0.25263134812735727 
8 0.16333364338201092 0.10349969300938515 0.2883452702074225 0.20612226997631788 
10 0.14550584441757353 0.3578633453205859 0.2805940532663628 0.1469169371107798 
6 0.10597463801816885 0.9515612665555653 0.20463212724397728 0.027409876326638025 
