13 0.6853626019285027 0.24026401192877817 0.6231978420612034 0.1776159985966143 
13 0.6882305521966949 0.4552341899833348 0.6227327690447401 0.18873344443469872 
13 0.6897807955849068 0.7283571616524865 0.6196322822683161 0.3249276379264977 
13 0.589387033764301 0.9637093237435312 0.37543794375716993 0.07201122708534344 
13 0.8845688773137383 0.9573063766336287 0.20308188385576534 0.07016928339619333 
13 0.19393544786531483 0.8553416366985352 0.38446036027656333 0.28506271379703535 
13 0.19005983939478494 0.5417726515217963 0.37980963011192764 0.2872555039031664 
0 0.6853626019285027 0.24026401192877817 0.6231978420612034 0.18419436891500748 
1 0.6882305521966949 0.45718577317779147 0.6227327690447401 0.1882510306113499 
2 0.687455430502589 0.7299030786773091 0.624283012432952 0.3258266818700114 
11 0.5899606238179395 0.9626129286904658 0.3734846370880229 0.07420401719147446 
3 0.8822435122314204 0.9584027716866941 0.19843115369112954 0.07016928339619333 
5 0.19509813040647384 0.8551662134900448 0.38368523858245746 0.2890974475923165 
4 0.190059839394785 0.5428690465748618 0.37670914333550365 0.29383387422155943 
14 0.6993147924224103 0.09170248223840013 0.5735900536384212 0.05591614770634156 
14 0.6667596812699593 0.039623717217787915 0.5735900536384212 0.05043417244101394 
14 0.1652559451833938 0.12733532146302956 0.19998139707934148 0.16884483817209017 
14 0.18695935261836114 0.311529690378037 0.36740768300623206 0.1271818261556004 
8 0.16680618857160573 0.12623892640996404 0.19998139707934148 0.17323041838435224 
10 0.190059839394785 0.31207788790456975 0.37050816978265594 0.1260854311025349 
7 0.6636591944935355 0.03797912463818963 0.5735900536384212 0.053723357600210506 
9 0.7047406442811521 0.09444346987106393 0.5813412705794808 0.06139812297166916 
