13 0.7652001364214182 0.27015174107534423 0.3798096301119274 0.162266467853697 
13 0.738070877127709 0.4340628015086396 0.33485257185378114 0.1063503201473555 
13 0.7543484327039345 0.5711121831418298 0.3736086565590799 0.1063503201473555 
13 0.6969894273400924 0.7268002806771336 0.24338821194927604 0.14143496184545218 
13 0.25749542678200477 0.8474037365143409 0.39996279415868297 0.2927374791684941 
13 0.2357920193470375 0.5480878870274537 0.36585743961802003 0.2488816770458731 
13 0.2869500511580318 0.2931760371897202 0.4619725296871609 0.20173668976405573 
4 0.7652001364214182 0.27179633365494255 0.3891110904411994 0.16774844311902465 
11 0.738070877127709 0.43461099903517236 0.34415403218305274 0.11402508551881414 
5 0.7543484327039345 0.5716603806683624 0.38291011688835147 0.10963950530655203 
3 0.6915635754813506 0.7218665029383388 0.24803894211391203 0.1513025173230419 
1 0.25749542678200477 0.8479519340408737 0.4061637677115307 0.2938338742215596 
2 0.2381173844293554 0.5491842820805193 0.3705081697826558 0.24668888693974209 
0 0.2892754162403497 0.29701341987544955 0.4790252069574923 0.20941145513551443 
14 0.7132669829163178 0.8402771686694149 0.2883452702074227 0.0350846416980966 
14 0.2326915325706136 0.11775282869923691 0.36895792639444397 0.06797649329006228 
14 0.17455740551266546 0.05196912551530567 0.24958918550212386 0.06359091307780018 
14 0.5032090038135987 0.07992719936847645 0.17517750286795014 0.12169985089027278 
14 0.8070567079031408 0.07005964389088676 0.35500573590053647 0.10196473993509342 
6 0.709391374445788 0.842469958775546 0.29609648714848236 0.041663012016489795 
10 0.8143738566955012 0.07025699500043855 0.3696400334852573 0.10235944215419701 
8 0.5063094905900226 0.08376458205420577 0.19378042352649374 0.13595298658012456 
7 0.1761076489008774 0.049228137882641874 0.2650916193842432 0.06249451802473468 
9 0.22494031562955386 0.11610823611963862 0.37205841317086796 0.0690728883431278 
