13 0.6897807955849068 0.17274800456100342 0.6196322822683161 0.20923603192702395 
13 0.687455430502589 0.4309271116568722 0.624283012432952 0.2322164722392773 
13 0.6890056738908009 0.7829905271467417 0.6211825256565281 0.410073677747566 
13 0.18850959600657305 0.6234540829751776 0.37050816978265594 0.26203841768265945 
13 0.15905497163054602 0.8027146741513903 0.30229746070133023 0.05043417244101388 
13 0.12029888692524726 0.8728839575475835 0.2278857780671566 0.043855802122620816 
13 0.13270083403094285 0.926607315147794 0.2557901590549716 0.01973511095517945 
0 0.686680308808483 0.16984255767037978 0.6258332558211639 0.2121962985703009 
1 0.684354943726165 0.42968818524690816 0.6304839859857999 0.2341241996316113 
2 0.6897807955849068 0.784536444171564 0.6196322822683161 0.41097272169107973 
4 0.18850959600657305 0.6234540829751776 0.37050816978265594 0.2664239978949215 
5 0.16603106687749972 0.8005218840452591 0.3193501379716615 0.05481975265327605 
3 0.12494961708988311 0.871787562494518 0.24338821194927604 0.05043417244101401 
11 0.13502619911326078 0.9271555126743267 0.2666418627724552 0.025217086220507005 
14 0.18928471770067898 0.09389527234453118 0.18602920658543387 0.1655556530128936 
14 0.19626081294763278 0.19860099991228838 0.27749356648993895 0.03069906148583459 
14 0.19858617802995063 0.256709937724761 0.3379530586302049 0.08113323392684853 
14 0.16215545840696985 0.38992193667222175 0.2836945400427867 0.1523989123761074 
14 0.1148730350665054 0.9644329444785545 0.21393358757324898 0.01863871590211381 
8 0.18618423092425515 0.09444346987106395 0.20773261402040125 0.1754232084904833 
7 0.1993612997240566 0.19695640733269013 0.2991969739249062 0.0317954565389001 
9 0.20013642141816257 0.25561354267169545 0.3379530586302049 0.08771160424524163 
10 0.16215545840696985 0.3904701341987545 0.2867950268192106 0.15788088764143496 
6 0.13037546894862492 0.9638847469520218 0.2542399156667597 0.026313481273572515 
