13 0.6725885964096363 0.3573151477940532 0.6154466251201439 0.19406192439259712 
13 0.6718134747155303 0.5535698622927813 0.6169968685083559 0.1589772826945004 
13 0.684215421821226 0.7892947987018682 0.6293988156140515 0.2488816770458731 
13 0.17961119895823646 0.5985220594684677 0.3146994078070257 0.14582054205771422 
13 0.1517068179704213 0.8353433909306202 0.22168480451430875 0.10635032014735545 
1 0.6679378662450004 0.3578633453205859 0.6061451647908722 0.19296552933953162 
0 0.6617368926921526 0.547539689500921 0.5844417573559049 0.14472414700464875 
2 0.6873159085976498 0.7887466011753356 0.6200973552847796 0.23901412156828353 
11 0.14395560102936159 0.8369879835102183 0.21548383096146093 0.0920971844575038 
4 0.19046290267572005 0.5974256644154021 0.3146994078070256 0.13485659152705912 
14 0.18503705081697824 0.3863696167002894 0.23563699500821628 0.1732304183843523 
14 0.1803863206523424 0.10624068064204895 0.2821442966545748 0.19186913428646607 
14 0.680339813350696 0.18079554425050437 0.5658388366973615 0.055916147706341526 
14 0.6431339720336092 0.08431277958073853 0.488326667286764 0.053723357600210506 
8 0.17108486032307071 0.10569248311551617 0.24183796856106418 0.17980878870274536 
7 0.6431339720336092 0.0848609771072713 0.4604222862989488 0.054819752653276016 
9 0.6857656652094378 0.17421717393211122 0.5611881065327257 0.03618103675116221 
10 0.1834868074287663 0.3814358389614946 0.24183796856106402 0.16117007280063156 
