13 0.6857656652094378 0.3107183580387685 0.610795894955508 0.14253135689851767 
13 0.6832077636188881 0.5714082098061574 0.6335844727622237 0.2933295324971494 
13 0.690183858865842 0.7907201122708535 0.6196322822683161 0.1004297868608017 
13 0.689408737171736 0.9253903166388913 0.6211825256565281 0.11102096307341465 
13 0.16410876507611694 0.89290413121656 0.23098626484358045 0.07016928339619333 
13 0.1951136328403559 0.7668187001140251 0.33950330201841683 0.09209718445750367 
13 0.17573559048770654 0.5239671958600123 0.3379530586302049 0.2795807385317078 
0 0.6880910302917558 0.3112665555653013 0.6123461383437199 0.14582054205771425 
1 0.6847580070071001 0.569862292781335 0.6304839859857999 0.2924304885536356 
2 0.6594115276098348 0.7887466011753356 0.5642885933091496 0.09867555477589686 
5 0.6932843456422658 0.929150951670906 0.6134313087154685 0.10977107271292 
5 0.20053948469909777 0.7701078852732216 0.35035500573590056 0.09648276466976571 
3 0.16410876507611694 0.8874221559512323 0.24028772517285207 0.0679764932900623 
4 0.17651071218181258 0.5250635909130779 0.34880476234768865 0.28835189895623187 
14 0.684215421821226 0.08431277958073853 0.5611881065327257 0.06030172791860364 
14 0.6617368926921526 0.13913253223401456 0.432517905311134 0.029602666432769063 
14 0.19278826775803795 0.29317603718972024 0.3069481908659659 0.09428997456363476 
14 0.18503705081697827 0.10021050785018856 0.2635413759960314 0.16884483817209017 
7 0.6911915170681796 0.08760196473993509 0.5689393234737854 0.060301727918603616 
9 0.6725885964096363 0.13968072976054732 0.4697237466282206 0.037277431804227705 
8 0.18426192912287231 0.09746952021752478 0.2557901590549717 0.17213402333128672 
10 0.19356338945214394 0.2926278396631874 0.305397947477754 0.09100078940443823 
