13 0.6287787182587665 0.2580913954916235 0.6929587945307413 0.1710376282782212 
13 0.6349796918116144 0.46585825804753966 0.7022602548600131 0.17651960354354884 
13 0.5683192261185006 0.6149679852644505 0.5937432176851766 0.0603017279186036 
13 0.52413728955446 0.7224147004648714 0.4743744767928566 0.10635032014735545 
13 0.5814962949183021 0.8934523287430927 0.5952934610733887 0.18090518375581094 
13 0.1451027811366384 0.764625910007894 0.23408675162000434 0.18857994912726952 
13 0.1396769292778966 0.46585825804753966 0.2232350479025207 0.3344004911849837 
0 0.6380801785880382 0.26412156828348393 0.7084612284128609 0.17871239364967986 
1 0.6295538399528725 0.4636654679414086 0.6914085511425293 0.17651960354354884 
11 0.5729699562831364 0.6105824050521885 0.6092456515672962 0.06468730813086565 
5 0.5388646017424736 0.7240592930444698 0.519331535051003 0.11402508551881414 
2 0.6016494589650575 0.895096921322691 0.6418007627197471 0.19077273923340055 
3 0.14587790283074442 0.7684632926936233 0.23873748178464022 0.19625471449872822 
4 0.13812668588968466 0.46256907288834315 0.23563699500821636 0.3300149109727217 
14 0.4256968344030013 0.04977633540917463 0.3146994078070257 0.03947022191035873 
14 0.6357548135057204 0.10459608806245066 0.7224134189067682 0.07455486360845538 
14 0.12882522556041295 0.07937900184194369 0.1953306669147057 0.11621787562494516 
14 0.14122717266610854 0.20930181563020786 0.2232350479025207 0.12169985089027278 
14 0.1396769292778966 0.9181212174370669 0.18602920658543387 0.05043417244101388 
8 0.13115059064273085 0.08047539689500921 0.19998139707934148 0.11841066573107621 
7 0.4249217127088952 0.04813174282957635 0.3193501379716615 0.04495219717568634 
9 0.6368709887452331 0.10547320410490309 0.7246457693857936 0.07411630558722919 
10 0.1427774160543205 0.20985001315674065 0.23563699500821628 0.12060345583720723 
6 0.14355253774842647 0.9181212174370669 0.1875794499736459 0.04824138233488286 
