13 0.315512178269131 0.3142816419612315 0.4995105660160073 0.08450073301840688 
13 0.4580238383140438 0.4176168757126568 0.7672597454943283 0.067193353966444 
13 0.7948695802383832 0.356022967910083 0.3843496286059768 0.05192213715588857 
13 0.813583232567513 0.29392001954715746 0.29222087867795243 0.07839224629418472 
13 0.4587435941728565 0.6482122495520443 0.7715782806472044 0.3512379866427756 
13 0.38820752000921277 0.8889884345984688 0.6276271088846662 0.0692295162078514 
0 0.37597167040939705 0.8910245968398761 0.588760292508781 0.07330184069066616 
1 0.46234237346692 0.6507574523538036 0.7758968158000806 0.35225606776347934 
4 0.4623423734669199 0.41558071347124936 0.7845338861058329 0.06515719172503662 
4 0.3227097368572579 0.315808763642287 0.5052686128865088 0.08959113862192535 
4 0.7855127540738182 0.3606043329532497 0.3656359762768468 0.05701254275940707 
3 0.8143029884263258 0.2949381006678612 0.2965394138308286 0.07839224629418472 
9 0.5504117003512407 0.19822039420100995 0.9558357805032534 0.09264538198403649 
9 0.4371509184084758 0.13306320247597328 0.3426037887948408 0.039705163707444195 
14 0.5485403351183279 0.1968154422544388 0.9569298094086487 0.0898354780908943 
14 0.4393101859849139 0.13255416191562144 0.35843841768872 0.04275940706955532 
14 0.8546093165198363 0.10964733669978824 0.3310876950538376 0.09264538198403649 
10 0.8567685840962744 0.11015637726014008 0.32676915990096145 0.0916273008633328 
14 0.483215293372488 0.0561980778628441 0.43473253872286516 0.0916273008633328 
7 0.48609431680773874 0.055179996742140414 0.43761156215811603 0.08959113862192537 
14 0.1355732135659584 0.07808682195797362 0.22024529279668334 0.15373024922625833 
8 0.1334139459895203 0.080122984199381 0.21592675764380717 0.1578025737090731 
