14 0.582271416612408 0.07883080431541094 0.826279725916969 0.05372335760021051 
13 0.4985582736489628 0.17860275414437332 0.9875050382910118 0.08661520919217612 
13 0.48615632654326735 0.33045346899394795 0.9533996837503488 0.17323041838435227 
13 0.5051003007472173 0.585792912902377 0.988187145381825 0.3067494079466714 
13 0.39701733172108017 0.8205420577142355 0.7782221808823986 0.07236207350232435 
13 0.45592658047313434 0.9334707481799841 0.700710011471801 0.11402508551881414 
0 0.49933339534306886 0.17860275414437332 0.9921557684556473 0.08661520919217612 
1 0.4892568133196912 0.3315498640470134 0.9596006573031965 0.1754232084904833 
2 0.5074256658295353 0.5874046136303833 0.9835364152171892 0.31435838961494605 
4 0.3931417232505503 0.8221866502938339 0.761169503612067 0.08003683887378292 
13 0.3396583263572381 0.773945267958951 0.6449012494961709 0.02083150600824483 
3 0.33655783958081414 0.7733970704324181 0.6511022230490188 0.024120691167441494 
5 0.4698787709670417 0.9301815630207876 0.7224134189067684 0.11183229541268312 
14 0.06991597680835887 0.06348127357249364 0.13952190493907546 0.11512148057187965 
14 0.4016680618857161 0.036071397245855626 0.26664186277245533 0.029602666432769053 
14 0.7225684432455896 0.036071397245855626 0.3565559792887484 0.03618103675116218 
7 0.39856757510929214 0.030589421980528022 0.2697423495488793 0.04495219717568634 
10 0.5729699562831364 0.07883080431541094 0.8107772920348496 0.05153056749407947 
8 0.07224134189067681 0.06622226120515744 0.13797166155086343 0.1271818261556004 
9 0.7225684432455896 0.03333040961319182 0.36275695284159615 0.037277431804227705 
