13 0.6954231469513128 0.29180100656627217 0.6325313763916107 0.11765226280816261 
13 0.69889783040765 0.46855954861793736 0.6255820094789364 0.1723449848621869 
13 0.694033273568778 0.6833641332127551 0.6353111231566804 0.16747925923013404 
13 0.5132802401701206 0.8728915188927772 0.23210885488332011 0.06094444226005582 
13 0.8572739023474962 0.8748574686431015 0.197362020319949 0.06880824126135332 
13 0.15469290747612896 0.8630617701411553 0.24878733547373838 0.07863799001297526 
13 0.16442202115387292 0.6158435890378643 0.29604303047992325 0.17005465340305911 
1 0.6919484634949756 0.29067550033421147 0.639480743304285 0.11933314984468994 
2 0.6975079570251151 0.4690018873117604 0.6283617562440061 0.17716156175048162 
0 0.6961180836425802 0.6823664137144656 0.6311415030090759 0.16548382023355482 
11 0.5105004934050509 0.8733830063303583 0.2432278419435989 0.06389336688554241 
5 0.852603927782179 0.8751867652262809 0.1908018179543843 0.06946683442771194 
3 0.16164227438880324 0.8635532575787365 0.26268606929908694 0.08945071363975936 
4 0.1741511348316169 0.6163350764754454 0.29048353694978385 0.1690716785278969 
14 0.11299670600008344 0.7603408956867063 0.15427594546136855 0.06782526638619117 
14 0.1880498686569654 0.4241634883812371 0.3155012578354113 0.14253135689851773 
14 0.1915245521133025 0.2835980812330437 0.3474683456337128 0.08551881413911057 
14 0.2888156888907421 0.13910077458420164 0.5448303659536616 0.034404120630676695 
14 0.35761442132621724 0.05358196044509103 0.6907670711198209 0.08945071363975937 
14 0.8948004836759371 0.10567962882868716 0.19458227355487923 0.195612000157276 
8 0.892715673602135 0.10469665395352497 0.19597214693741402 0.17595250265403217 
7 0.3513599911048105 0.053581960445091024 0.6754784639119378 0.08355286438878623 
9 0.2915954356558118 0.14106672433452602 0.550389859483801 0.03637007038100107 
9 0.1977789823347094 0.2806491566075571 0.346078472251178 0.08945071363975939 
10 0.19360936218710478 0.43006133763221016 0.32662024489569 0.14646325639916644 
6 0.10048784555726976 0.7613238705618685 0.12369873104560183 0.06585931663586686 
