13 0.682665178433014 0.12652398912376106 0.5425851858741821 0.10306113498815896 
13 0.6865407869035438 0.3984299622840102 0.5658388366973615 0.3311113060257872 
13 0.6927417604563917 0.6840408736075784 0.5627383499209374 0.12608543110253476 
13 0.648559823892351 0.8156082799754406 0.4805754503457043 0.05591614770634156 
13 0.6408086069512914 0.9192176124901323 0.4464700958050414 0.05701254275940707 
13 0.18116144234644835 0.7838128234365407 0.32090038135987353 0.23572493640908687 
0 0.6811149350448019 0.12378300149109728 0.5456856726506062 0.10415753004122445 
2 0.6911915170681797 0.3995263573370757 0.550336402815242 0.32891851591965615 
11 0.6950671255387095 0.6829444785545127 0.5580876197563016 0.13047101131479694 
5 0.6501100672805631 0.8112226997631786 0.47127399001643255 0.044952197175686326 
1 0.6346076333984435 0.9203140075431979 0.43096766192292185 0.061398122971669244 
4 0.1850370508169782 0.7871020085957372 0.3286515983009332 0.24011051662134902 
14 0.07186928347750596 0.9471756863433032 0.10231606362198874 0.044952197175686326 
14 0.1648838867702229 0.6018112446276641 0.2790438098781508 0.08880799929830714 
14 0.19046290267572005 0.47408122094553107 0.34570427557126465 0.1227962459433383 
14 0.15248193966452733 0.3551223576879221 0.2604408892196074 0.11073590035961761 
14 0.18426192912287223 0.16380142092798874 0.32710135491272124 0.24339970178054557 
8 0.1889126592875081 0.16215682834839049 0.33640281524199306 0.24230330672748004 
7 0.15170681797042135 0.35292956758179106 0.2557901590549716 0.11292869046574863 
9 0.1889126592875081 0.4757258135251294 0.33950330201841694 0.13047101131479694 
10 0.16643413015843483 0.6018112446276641 0.2728428363253031 0.08661520919217612 
6 0.0741946485598239 0.9493684764494342 0.10076582023377671 0.04933777738794837 
