13 0.3195051623104827 0.20846855538987807 0.5704895668619973 0.1271818261556004 
13 0.31252906706352895 0.45954302254188223 0.5720398102502093 0.3069906148583458 
13 0.3071032152047871 0.8114858345759144 0.5549871329798779 0.32891851591965615 
13 0.7923293957151273 0.688689588632576 0.3472545189594766 0.05920533286553809 
13 0.799305490962081 0.7994254889921937 0.305397947477754 0.09867555477589686 
13 0.7760518401389018 0.4935312691869135 0.3115989210306017 0.2587492325234629 
13 0.7969801258797631 0.9381194632049821 0.3565559792887482 0.10854311025348659 
13 0.7884537872445974 0.2166915182878695 0.3302018416891451 0.23133935619682486 
0 0.3164046755340588 0.20737216033681252 0.5735900536384213 0.1315674063678625 
1 0.31020370198121106 0.45735023243575124 0.5704895668619974 0.3069906148583458 
2 0.3071032152047871 0.8109376370493816 0.551886646203454 0.33220770107885284 
5 0.7938796391033393 0.9381194632049821 0.33795305863020497 0.11292869046574863 
5 0.7876786655504914 0.21669151828786948 0.32555111152450933 0.23572493640908693 
4 0.7760518401389018 0.49133847908078243 0.32710135491272146 0.26094202262959393 
3 0.7923293957151273 0.6875931935795105 0.3503550057359005 0.06139812297166911 
11 0.800080612656187 0.7961363038329969 0.30384770408954204 0.1030611349881589 
14 0.8977459461135399 0.05881063064643452 0.1457228784919232 0.0910007894044382 
14 0.22726568071187175 0.03523813700552583 0.38601060366477535 0.037277431804227705 
14 0.2350168976529315 0.06429260591176213 0.41701547142901435 0.02521708622050698 
14 0.4055436703562459 0.0878650995526708 0.761169503612067 0.026313481273572498 
7 0.22804080240597768 0.033593544425927546 0.39996279415868286 0.04495219717568634 
9 0.2350168976529315 0.06155161827909832 0.41701547142901435 0.024120691167441453 
10 0.401668061885716 0.08731690202613805 0.7627197470002791 0.029602666432769063 
8 0.9008464328899638 0.05661784054030348 0.15502433882119498 0.09319357951056925 
