13 0.2594487334511518 0.4872379615823173 0.3565559792887484 0.12718182615560034 
13 0.24162093448671443 0.652793614595211 0.30229746070133023 0.09867555477589686 
13 0.2873531144389669 0.8156082799754406 0.39376182060583514 0.14801333216384524 
13 0.5927510619167209 0.8501447241470047 0.16432579915046677 0.05920533286553809 
13 0.7524261309025517 0.42090606087185334 0.47747496356928026 0.21379703534777653 
13 0.7537438377825318 0.6330913954916235 0.49251232443493637 0.1996096833611087 
0 0.2640994636157876 0.4883343566353828 0.3689579263944439 0.13595298658012456 
5 0.2400706910985025 0.6533418121217437 0.30229746070133023 0.10196473993509339 
4 0.2865779927448609 0.815060082448908 0.40461352432331865 0.15568809753530394 
3 0.590425696834403 0.8506929216735374 0.17517750286795034 0.06468730813086578 
1 0.7529687160884259 0.6329707920357864 0.49406256782314834 0.2015612665555653 
2 0.7560692028648498 0.4228686080168406 0.48786159427030057 0.22210770985001319 
14 0.8198617182897715 0.842469958775546 0.16587604253867855 0.03947022191035864 
14 0.2873531144389669 0.3441584071572669 0.40306328093510674 0.07126567844925877 
14 0.5919759402226149 0.1966932725199544 0.5596378631445136 0.08113323392684853 
14 0.47183207763618884 0.1413253223401456 0.3193501379716614 0.0317954565389001 
14 0.5679471677053297 0.10404789053591791 0.5115803181099432 0.04714498728181738 
14 0.19588875453446186 0.1561266555565301 0.21703407434967287 0.16226646785369706 
8 0.1974389979226738 0.15777124813612842 0.21703407434967287 0.16336286290676258 
7 0.5663969243171179 0.1029514954828524 0.5022788577806716 0.05153056749407947 
9 0.4710569559420829 0.14077712481361285 0.33020184168914535 0.03289185159196563 
9 0.2896784795212849 0.34361020963073413 0.4077140110997427 0.07674765371458646 
10 0.5927510619167209 0.19450048241382334 0.5642885933091494 0.07894044382071748 
6 0.8159861098192416 0.8402771686694149 0.15812482559761867 0.03947022191035864 
