13 0.7033609276656435 0.2534865362687484 0.5932781446687131 0.2341899833347952 
13 0.7018106842774315 0.5456648539601789 0.5963786314451369 0.318590474519779 
13 0.7010355625833256 0.8620296465222349 0.5979288748333489 0.27594070695553025 
13 0.16720925185254085 0.42035786334532055 0.3084984342541779 0.17542320849048326 
13 0.19666387622856785 0.631962108586966 0.33020184168914524 0.19296552933953162 
13 0.12690292375903017 0.7860056135426717 0.18137847642079807 0.05153056749407952 
13 0.19666387622856785 0.9175730199105342 0.2960964871484823 0.12389264099640387 
0 0.7126623879949152 0.25114025085518815 0.5746752240101697 0.22291904218928166 
1 0.7033609276656435 0.546234979387773 0.5932781446687131 0.31973072537496716 
2 0.701345611260968 0.8627203754056663 0.5892475118593621 0.27512937461626175 
11 0.19666387622856787 0.9115428471186738 0.31469940780702577 0.11402508551881414 
3 0.1284531671472421 0.7832646259100079 0.17517750286795034 0.05262696254714503 
5 0.20053948469909777 0.6270283308481712 0.34415403218305285 0.18748355407420406 
4 0.16798437354664686 0.42309885097798433 0.32555111152450944 0.17432681343741782 
14 0.6640622577744706 0.11336724848697483 0.5177812916627912 0.028506271379703536 
14 0.651660310668775 0.044294360143847036 0.5270827519920628 0.08771160424524165 
14 0.1710848603230707 0.10514428558898342 0.2604408892196075 0.18529076396807298 
14 0.17883607726413045 0.2663143583896149 0.32555111152450933 0.07784404876765197 
8 0.17418534709949454 0.10569248311551618 0.2666418627724552 0.18419436891500743 
7 0.6656125011626826 0.045390755196912554 0.5146808048863672 0.08551881413911061 
9 0.6671627445508944 0.1122708534339093 0.5177812916627912 0.030699061485834574 
10 0.18426192912287231 0.2657661608630822 0.33640281524199306 0.07455486360845541 
