13 0.7043685858679812 0.42912902376984474 0.49917837100424756 0.16007367774756603 
13 0.6958422472328155 0.5782387509867555 0.4945276408396119 0.09648276466976584 
13 0.7175456546677828 0.7733970704324181 0.5131305614981552 0.24120691167441455 
13 0.2509223948159861 0.4691474432067363 0.38291011688835147 0.24668888693974217 
13 0.2509223948159861 0.6336067011665644 0.37050816978265594 0.05372335760021041 
13 0.24704678634545618 0.6933602315586352 0.35345549251232444 0.028506271379703536 
13 0.25634824667472794 0.7925839838610648 0.39996279415868297 0.13047101131479694 
0 0.7136700461972529 0.42967722129637753 0.5115803181099432 0.15897728269450054 
2 0.7004929773974514 0.5782387509867555 0.49452764083961176 0.10086834488202788 
1 0.6966173689269214 0.7766862555916149 0.4805754503457043 0.2455924918866766 
11 0.2633243419216817 0.794228576440663 0.38911109044119935 0.12498903604946938 
5 0.2555731249806219 0.6961012191912991 0.34880476234768854 0.027409876326638025 
3 0.24162093448671443 0.6330585036400315 0.34880476234768865 0.05043417244101388 
4 0.24549654295724427 0.4718884308394 0.3658574396180199 0.24559249188667664 
14 0.5253154745295012 0.266314358389615 0.9130933556568381 0.10196473993509343 
14 0.6167798344340061 0.0848609771072713 0.5131305614981552 0.041663012016489795 
14 0.6067032524106285 0.12652398912376106 0.5053793445570954 0.028506271379703536 
14 0.19046290267572005 0.1287167792298921 0.2650916193842433 0.16884483817209017 
8 0.18813753759340215 0.12542759407069556 0.2604408892196075 0.16226646785369706 
7 0.6167798344340061 0.08705376721340233 0.5131305614981552 0.04604859222875187 
9 0.6144544693516882 0.12433119901763003 0.5239822652156388 0.03289185159196561 
9 0.5121384057296995 0.2657661608630822 0.886739218057235 0.10744671520042101 
14 0.2617740985334698 0.9225067976493291 0.3829101168883516 0.08113323392684857 
10 0.2594487334511518 0.9236031927023945 0.3968623073822591 0.08551881413911061 
