13 0.6408706166868199 0.44215263072161587 0.773075372833535 0.5866183417494707 
13 0.632204756146715 0.797361133735136 0.7442275580123221 0.048867893793777525 
13 0.39612483445615243 0.8854251506760058 0.18569701157367416 0.0722837595699625 
13 0.11829907295445381 0.5362233262746375 0.22888236310243568 0.40621436716077536 
2 0.634364023723153 0.44357794429060105 0.762941210341452 0.595577455611663 
0 0.632204756146715 0.7963430526144323 0.7643807220590775 0.05090405603518485 
3 0.39612483445615243 0.8854251506760058 0.1943340818794265 0.0722837595699625 
4 0.12261760810732994 0.538259488516045 0.22600333966718492 0.40825052940218276 
14 0.7653595900270628 0.8808437856328393 0.4260954684171128 0.06312102948362916 
14 0.12621638740139343 0.2430159635119726 0.2475960154315656 0.14558560026062872 
14 0.40980019577359356 0.08317722756149208 0.2763862497840733 0.02545202801759244 
14 0.4796165140784246 0.05416191562143672 0.418897909828986 0.03868708258674051 
14 0.12261760810732994 0.06892409187164034 0.2058501756204296 0.131332464570777 
14 0.8236598145908907 0.09641228213064015 0.35268037081821846 0.03970516370744421 
6 0.7696781251799388 0.881861866753543 0.43761156215811603 0.06108486724222184 
10 0.13053492255426957 0.24352500407232447 0.25623308573731784 0.14660368138133245 
10 0.8135832325675131 0.09183091708747353 0.35843841768872 0.034614758103925725 
8 0.1233373639661426 0.06841505131128847 0.20728968733805492 0.13642287017429547 
7 0.48609431680773874 0.05161671281967747 0.4289744918523637 0.043777488190259 
9 0.4148384867852823 0.08317722756149208 0.2922208786779524 0.035632839224629405 
