13 0.6932843456422658 0.3853828611525305 0.6134313087154685 0.0901236733619858 
13 0.6601866493039407 0.5354793439172003 0.5441354292623942 0.11183229541268319 
13 0.6601866493039408 0.6544382071748092 0.5627383499209376 0.06249451802473462 
13 0.6400334852571854 0.7986141566529251 0.4790252069574924 0.15130251732304176 
13 0.651660310668775 0.9586878344004911 0.5301832387684866 0.0679764932900623 
13 0.12922828884134807 0.838084378563284 0.21703407434967295 0.09209718445750367 
0 0.6948345890304778 0.3812384878519428 0.6103308219390445 0.09499166739759672 
1 0.6663876228567884 0.5349311463906675 0.553436889591666 0.10854311025348647 
4 0.6431339720336092 0.6489562319094816 0.5255325086038508 0.07126567844925884 
11 0.6508851889746691 0.8002587492325235 0.4635227730753729 0.15897728269450045 
5 0.6594115276098348 0.9532058591351636 0.5177812916627912 0.06578370318393116 
3 0.13852974917061978 0.835891588457153 0.23873748178464022 0.09428997456363482 
14 0.19666387622856785 0.43351460398210684 0.37980963011192753 0.11183229541268312 
14 0.15868291321737507 0.6357994912726953 0.2976467305366942 0.17871239364967986 
14 0.6183300778222182 0.13529514954828523 0.49452764083961176 0.06797649329006228 
14 0.19356338945214394 0.15831944566266118 0.34880476234768854 0.24778528199280767 
9 0.19666387622856787 0.15722305060959565 0.3519052491241126 0.2499780720989387 
7 0.6260812947632779 0.13090956933602316 0.5007286143924596 0.06578370318393126 
9 0.1989892413108858 0.4280326287167792 0.3689579263944439 0.1030611349881589 
