13 0.7142126313831272 0.42831769143057624 0.5715747372337459 0.22204192614682922 
13 0.7159954112795709 0.6599201824401368 0.5348339689331226 0.18090518375581094 
13 0.7134375096890212 0.882915972283133 0.5731249806219577 0.22561617401982287 
13 0.20033795305863022 0.9520765722305061 0.3933587573249 0.09641698096658197 
13 0.15868291321737507 0.8391807736163495 0.3007472173131181 0.05920533286553809 
13 0.16255852168790505 0.7591439347425664 0.29609648714848236 0.05920533286553809 
13 0.20751557994605152 0.5902990965704762 0.37670914333550376 0.21050785018857998 
1 0.7111121446067032 0.4261797210770985 0.5777757107865935 0.2177659854398737 
0 0.7059188292561932 0.6582755898605387 0.5332837255449104 0.18200157880887646 
2 0.7118872663008092 0.8866985352162091 0.5762254673983817 0.22660292956758185 
11 0.18658729420519027 0.9521094640820981 0.36895792639444397 0.09428997456363482 
5 0.1672092518525408 0.8452109464082098 0.3209003813598734 0.0603017279186036 
3 0.1687594952407528 0.7596921322690993 0.305397947477754 0.05810893781247258 
4 0.2160419185812172 0.5870099114112797 0.40926425448795467 0.21708622050697313 
14 0.6940594673363718 0.1761029734233839 0.6118810653272565 0.1802912025260942 
14 0.6927417604563917 0.054710113147969475 0.5379344557095465 0.0734584685553899 
14 0.1997643630049918 0.15886764318919397 0.34570427557126476 0.2861591088501009 
14 0.20131460639320373 0.39459257959828087 0.3798096301119277 0.11512148057187965 
7 0.6981676123151335 0.05142092798877291 0.5518866462034538 0.07126567844925884 
9 0.6940594673363718 0.17205727567757215 0.6118810653272565 0.18097096745899482 
8 0.18348680742876636 0.15283747039733359 0.33485257185378114 0.29821945443382164 
10 0.2082907016401575 0.39185159196561703 0.39066133382941115 0.11183229541268312 
