13 0.6377081201748674 0.20985001315674065 0.6635041701547143 0.18419436891500748 
13 0.6568536260192851 0.5783045346899395 0.6862927479614299 0.49789492149811426 
13 0.6501100672805631 0.9296333654942548 0.6790066040368337 0.13704938163319014 
13 0.16587604253867858 0.9361788439610561 0.28412860819148605 0.12821243750548203 
13 0.1594580349114811 0.8183492676081044 0.3115989210306018 0.0526269625471449 
13 0.16100827829969305 0.5711121831418297 0.3115989210306018 0.4089553547934391 
13 0.10519951632406288 0.2833084817121305 0.20618237063218922 0.06359091307780017 
3 0.10519951632406288 0.2855012718182615 0.20308188385576534 0.054819752653276016 
4 0.162558521687905 0.5700157880887642 0.3115989210306018 0.4067625646873081 
5 0.1555824264409512 0.8194456626611701 0.303847704089542 0.0526269625471449 
11 0.16510092084457262 0.9334378563283923 0.285678851579698 0.1336944127708096 
2 0.6537531392428612 0.9298416805543374 0.6924937215142779 0.13746601175335504 
1 0.654528260936967 0.5788965880185949 0.6909434781260659 0.5012718182615561 
0 0.6462344588100332 0.20381984036488027 0.6929587945307413 0.187483554074204 
14 0.4175735590487707 0.03278221208665907 0.2139335875732489 0.05591614770634156 
14 0.7645955415000155 0.043132181387597585 0.47080891699996913 0.07223050609595649 
14 0.12070195020618238 0.05361371809490396 0.19688091030291752 0.09977194982896236 
14 0.14705608780578547 0.16544601350758706 0.2805940532663628 0.11950706078414175 
8 0.12380243698260625 0.0530655205683712 0.2092828574086132 0.10525392509428998 
10 0.15403218305273925 0.16654240856065256 0.2883452702074226 0.11950706078414175 
7 0.4206740458251945 0.03442680466625734 0.20153164046755342 0.059205332865538106 
9 0.7614950547235916 0.0415862643627752 0.47700989055281684 0.07133146215244277 
