13 0.6483272873841194 0.18979694763617225 0.7033454252317615 0.13750986755547762 
13 0.6498775307723312 0.44743882115603895 0.7002449384553375 0.3479957898429963 
13 0.6483272873841194 0.7191035874046137 0.7033454252317615 0.15016226646785374 
13 0.6491024090782253 0.9062472590123674 0.7017951818435495 0.18237435312691874 
13 0.14085511425293767 0.8046443294447856 0.28059405326636283 0.0844224190860451 
13 0.13697950578240783 0.6697877379177266 0.24493845533748798 0.09757915972283122 
13 0.15093169627631534 0.5316419612314709 0.272842836325303 0.1173142706780106 
0 0.6491024090782253 0.18857994912726955 0.7017951818435495 0.14165424085606526 
1 0.6491024090782253 0.4492259450925357 0.7017951818435495 0.34499166739759674 
2 0.6483272873841194 0.7171739321112184 0.7033454252317615 0.1528813261994562 
4 0.6484358044212941 0.9082207701078853 0.6942609989768395 0.1841285852118236 
11 0.14783120949989143 0.8029997368651872 0.2821442966545747 0.08113323392684857 
3 0.13620438408830182 0.6659503552319971 0.2557901590549716 0.1030611349881589 
5 0.15480730474684526 0.5316419612314709 0.2836945400427867 0.12827822120866592 
14 0.6516603106687751 0.07334882905008333 0.6790066040368337 0.05810893781247259 
14 0.6059281307165224 0.022366459082536618 0.41701547142901424 0.037277431804227705 
14 0.15713266982916313 0.11720463117270416 0.303847704089542 0.20064029471099026 
14 0.15868291321737515 0.34635119726339797 0.30694819086596603 0.18090518375581088 
14 0.1679843735466468 0.9433383036575739 0.29454624376027044 0.10525392509429006 
6 0.14299445012867018 0.9449500043855802 0.24766688370074108 0.11067011665643373 
10 0.15945803491148103 0.3474475923164635 0.2960964871484823 0.18309797386194196 
8 0.15713266982916313 0.12213840891149899 0.303847704089542 0.212700640294711 
9 0.6477847021982451 0.07334882905008332 0.6743558738721979 0.06688009823699675 
7 0.6090286174929465 0.02291465660906938 0.4170154714290144 0.038373826857293215 
