13 0.720734726780676 0.22265434109789864 0.5585305464386479 0.11097084215670307 
13 0.7250532619335521 0.3947100504968236 0.5844417573559049 0.18223652060596188 
13 0.720734726780676 0.5530216647662486 0.5671676167444002 0.08551881413911067 
13 0.7294005873207808 0.7528302655155563 0.596015431565613 0.2754113047727644 
13 0.18811539125928478 0.7607102133898029 0.2475960154315656 0.044795569310962756 
13 0.18811539125928478 0.679263723733507 0.25623308573731796 0.06108486724222184 
0 0.728680831461968 0.2259936471738068 0.5974549432832386 0.11357712982570452 
1 0.7301203431795935 0.3960742791985665 0.5945759198479876 0.18903730249226264 
4 0.7308400990384062 0.5531031112559048 0.5931364081303624 0.08364554487701584 
2 0.722893994357114 0.7540926861052288 0.6031554096850348 0.286080794917739 
11 0.19171417055334825 0.7637644567519138 0.27494673806644787 0.046831731552370075 
3 0.1859561236828467 0.68282700765597 0.2634306443254448 0.06413911060433296 
14 0.5393562503598779 0.12542759407069554 0.2130477342085564 0.034614758103925725 
14 0.22410318419991934 0.35093256230656455 0.3368457419243392 0.12929630232936956 
14 0.21474635803535436 0.5301148395504153 0.3152530661599585 0.18630884508877665 
14 0.6573962112051591 0.08877667372536242 0.4664017965106237 0.044795569310962687 
14 0.1967524615650371 0.1396807297605473 0.33396671848908854 0.252484117934517 
7 0.6609949904992226 0.080122984199381 0.4707203316634997 0.05192213715588858 
9 0.5458340530891921 0.1259366346310474 0.21448724592618193 0.03359667698322202 
9 0.22482294005873202 0.3504235217462127 0.3238901364657109 0.12827822120866592 
10 0.21978464904704323 0.5290967584297117 0.31093453100708246 0.1781641961231471 
8 0.19315368227097363 0.13662648639843622 0.34980134738296764 0.25655644241733183 
14 0.20826855530604013 0.8340120540804691 0.3051764841365808 0.046831731552370075 
6 0.21834513732941785 0.8375753380029319 0.3138135544423332 0.045813650431666415 
