13 0.655535919139305 0.2449346548548373 0.5286329953802746 0.07455486360845541 
13 0.690183858865842 0.4986623980352601 0.6196322822683161 0.38465924041750726 
13 0.6439090937277152 0.8238312428734322 0.4929773974513998 0.11841066573107618 
13 0.20519021486373362 0.812867292342777 0.38446036027656344 0.11841066573107618 
13 0.11682634173565248 0.7004867994035612 0.09921557684556477 0.05153056749407952 
13 0.12922828884134807 0.4790149986843259 0.10851703717483638 0.10196473993509339 
1 0.588100331752085 0.24383825980177182 0.4061637677115307 0.07455486360845541 
2 0.6849905435153318 0.49929830716603807 0.6061451647908722 0.3859310586790633 
0 0.6012774005518866 0.8216384527673012 0.41391498465259036 0.11841066573107631 
11 0.20751557994605152 0.8139636873958425 0.37670914333550376 0.1206034558372072 
3 0.11372585495922861 0.7010349969300939 0.10231606362198864 0.05043417244101401 
4 0.13000341053545403 0.47517761599859665 0.09766533345735284 0.09648276466976584 
14 0.12457755867671226 0.6133233926848521 0.09921557684556477 0.08113323392684857 
14 0.163333643382011 0.34635119726339797 0.29454624376027044 0.06907288834312782 
14 0.6586364059157288 0.1276203841768266 0.522432021827427 0.07236207350232436 
14 0.684215421821226 0.06896324883782125 0.5611881065327257 0.05153056749407948 
14 0.19356338945214396 0.10733707569511446 0.2929960003720584 0.20502587492325233 
14 0.17496046879360055 0.26357337075695114 0.3053979474777539 0.05920533286553809 
7 0.6919666387622857 0.06731865625822296 0.5735900536384213 0.05481975265327604 
9 0.6617368926921526 0.13200596438908868 0.522432021827427 0.0701692833961933 
9 0.1656590084643289 0.3474475923164635 0.29919697392490624 0.06907288834312782 
10 0.17496046879360055 0.2657661608630822 0.3053979474777539 0.06139812297166915 
6 0.13930487086472573 0.6116788001052539 0.1410721483272874 0.0844224190860451 
8 0.19123802436982607 0.10678887816858171 0.29454624376027033 0.2083150600824489 
