13 0.709391374445788 0.5050434172441014 0.3426037887948408 0.15678449258836943 
13 0.7427216072923449 0.7369309709674591 0.31004867764238997 0.17542320849048326 
13 0.2962515114873035 0.6859486009999123 0.45887204291073697 0.19625471449872822 
13 0.2574954267820048 0.5012060345583721 0.39066133382941126 0.11621787562494523 
0 0.2536198183114749 0.4995614419787738 0.3829101168883514 0.11512148057187965 
2 0.7039655225870461 0.5066880098236998 0.3286515983009332 0.15349530742917286 
3 0.738070877127709 0.7352863783878607 0.3131491644188137 0.1765196035435489 
4 0.29392614640498554 0.6859486009999123 0.4852261805103402 0.20721866502938333 
14 0.5737450779772424 0.9271555126743267 0.4929773974514 0.05810893781247258 
14 0.7272191734102254 0.29618015963511973 0.47747496356928043 0.1754232084904833 
14 0.7000899141165162 0.18654065432856767 0.42941741853470994 0.05043417244101394 
14 0.27997395591107804 0.23587843171651607 0.38911109044119935 0.27190597316024906 
8 0.27454810405233615 0.23368564161038505 0.38756084705298727 0.267520392947987 
7 0.7024152791988342 0.18160687658977284 0.44026912225219367 0.055916147706341526 
9 0.7326450252689672 0.29672835716165247 0.47902520695749223 0.1809051837558109 
10 0.5675441044243946 0.9271555126743267 0.4805754503457043 0.06249451802473462 
