13 0.77062598828016 0.39321112183141826 0.4185657148172264 0.130471011314797 
13 0.7659752581155241 0.5856284536444172 0.3937618206058352 0.1907727392334006 
13 0.22881592410008375 0.8147750197351109 0.2836945400427868 0.30699061485834583 
0 0.7620996496449943 0.3937593193579511 0.4015130375468949 0.13595298658012456 
2 0.7652001364214182 0.590562231383212 0.398412550770471 0.1984475046048592 
4 0.21176324682975223 0.8103894395228489 0.2681921061606672 0.2960266643276905 
14 0.30012711995783337 0.16680554337338832 0.4480203391932533 0.07674765371458643 
14 0.24354323628809718 0.5521884045259188 0.2914457569838464 0.12169985089027278 
14 0.2171890986884941 0.33565038154547844 0.20153164046755342 0.1973511095517937 
13 0.7295445384925433 0.217787913340935 0.24958918550212378 0.0953863696167003 
3 0.7287694167984373 0.21723971581440227 0.2418379685610641 0.10086834488202792 
14 0.2543949400055809 0.10595561792825191 0.31624965119523774 0.04495219717568636 
7 0.25749542678200477 0.1059556179282519 0.31624965119523774 0.049337777387948416 
9 0.3063280935106812 0.16461275326725727 0.4573217995225251 0.06578370318393122 
8 0.220289585464918 0.3394877642312078 0.22633553467894466 0.20064029471099026 
10 0.2288159241000837 0.5521884045259188 0.2650916193842433 0.13047101131479685 
