13 0.6466065172232041 0.3449697394965354 0.7038104982482251 0.2094114551355144 
13 0.653350075961926 0.5354574160161389 0.6924937215142779 0.11893693535654769 
13 0.6435060304467801 0.7012981317428295 0.6511022230490187 0.1436277519515832 
13 0.654900319350138 0.8810192088413298 0.6893932347378539 0.1609946495921411 
13 0.1451027811366384 0.6267432681343742 0.2681921061606673 0.11731427067801067 
13 0.14122717266610854 0.40198228225594246 0.2821442966545748 0.2291465660906938 
1 0.6432734939385484 0.3433361108674678 0.7126468855610332 0.2061441978773792 
4 0.6587759278206679 0.5323875098675556 0.6816420177967941 0.11937549337777387 
4 0.6520323690819458 0.878914130339444 0.6836573342014695 0.16774844311902468 
2 0.6497070039996279 0.702942724322428 0.6852075775896816 0.15568809753530394 
3 0.14122717266610854 0.6234540829751776 0.2604408892196075 0.11731427067801074 
0 0.1458779028307444 0.40143408472940967 0.28524478343099857 0.23024296114375936 
14 0.710166496139894 0.07690114902201561 0.33485257185378114 0.03289185159196561 
14 0.7179177130809536 0.11308218577317777 0.33175208507735726 0.048241382334882905 
14 0.655675441044244 0.17649767564248753 0.6878429913496419 0.050083326024032995 
14 0.3543856385452516 0.09499166739759671 0.23408675162000442 0.11512148057187968 
14 0.1420022943602145 0.13994386457328303 0.2836945400427867 0.11512148057187965 
10 0.14432765944253245 0.13720287694061922 0.2759433231017269 0.11621787562494516 
8 0.3489597866865098 0.09553986492412946 0.22633553467894457 0.1118322954126831 
9 0.655675441044244 0.17304403122533113 0.6878429913496419 0.054139987720375406 
9 0.6876879670108207 0.11253398824664503 0.2588906458313956 0.042759407069555284 
7 0.6845874802343968 0.07525655644241733 0.2557901590549715 0.027409876326638008 
