13 0.5332062133754999 0.2793943513726866 0.93278144668713 0.09799578984299624 
13 0.5299041949586085 0.3880142092798878 0.9385793569590427 0.07402859398298399 
13 0.5332062133754999 0.4720528900973599 0.93278144668713 0.07983948776423122 
13 0.533981335069606 0.6231470923603193 0.931231203298918 0.19783352337514254 
13 0.5055343688959166 0.7753047978247521 0.5456856726506063 0.07674765371458639 
13 0.5008836387312808 0.8515042540128058 0.5394846990977583 0.044952197175686326 
13 0.25672030508789884 0.9194807473028682 0.1875794499736459 0.06468730813086578 
3 0.27144761727591227 0.9227699324620647 0.22013456112609683 0.07345846855538986 
11 0.5032090038135987 0.8542452416454697 0.5255325086038508 0.041663012016489795 
5 0.5202616810839301 0.7758529953512849 0.5844417573559048 0.07565125866152088 
2 0.5332062133754999 0.6223467239715814 0.93278144668713 0.18746162617314274 
1 0.5363067001519238 0.4725791597228314 0.9265804731342822 0.07650644680291205 
4 0.531655969987288 0.38886939742127885 0.9358819334635539 0.0757389702657662 
0 0.5308808482931822 0.2792518200157881 0.9374321768517656 0.09771072712919922 
14 0.5334387498837317 0.9255109200947286 0.15192385204477094 0.05481975265327605 
14 0.8783679037608906 0.10650381545478468 0.16277555576225466 0.13595298658012456 
14 0.3195051623104827 0.1366546794140865 0.5332837255449104 0.0690728883431278 
14 0.6861377236226087 0.14104025962634859 0.1968809103029176 0.08880799929830717 
14 0.3195051623104827 0.08019033418121216 0.5270827519920628 0.04604859222875185 
7 0.32183052739280066 0.07909393912814665 0.522432021827427 0.05043417244101394 
9 0.31252906706352895 0.14104025962634859 0.5379344557095463 0.0734584685553899 
10 0.6869128453167147 0.1404920620998158 0.21083310079682502 0.09428997456363476 
8 0.8760425386785724 0.10485922287518638 0.17052677270331454 0.15678449258836943 
6 0.5442904536012153 0.9260591176212614 0.16742628592689046 0.06249451802473462 
