13 0.340433448051344 0.30933690027190597 0.6216475986729916 0.2258573809314972 
13 0.8186835333147304 0.5834356635382861 0.32245062474808545 0.48899219366722213 
13 0.8155830465383065 0.899197438821156 0.3224506247480853 0.05701254275940707 
13 0.32183052739280066 0.6574423296202088 0.5968437044616005 0.3870274537321288 
0 0.33500759619260223 0.30824050521884044 0.6200973552847797 0.22805017103762826 
4 0.8225591417852602 0.5856284536444172 0.33950330201841694 0.49995614419787743 
3 0.8132576814559885 0.8975528462415578 0.32710135491272124 0.0603017279186036 
1 0.32415589247511856 0.661279712305938 0.610795894955508 0.3947022191035874 
14 0.8204353083434099 0.9785106569599159 0.3228536880290206 0.04240856065257439 
14 0.8256596285616841 0.24903517235330233 0.31469940780702577 0.10744671520042105 
14 0.8799181471491023 0.08841329707920358 0.17207701609152645 0.12389264099640383 
14 0.16835643195981767 0.071419173756688 0.2588906458313956 0.03508464169809665 
14 0.36523734226273524 0.11198579072011226 0.6681549003193502 0.048241382334882905 
8 0.8830186339255263 0.09005788965880186 0.15657458220940693 0.11183229541268311 
7 0.1629305801010759 0.06977458117708972 0.2573404024431836 0.038373826857293215 
10 0.35826124701578144 0.11198579072011228 0.669705143707562 0.052626962547144995 
6 0.8049793817629368 0.9768660643803175 0.29814280842092206 0.04569774581177092 
9 0.827984993644002 0.2479387773002368 0.3317520850773571 0.10744671520042105 
