13 0.7287694167984373 0.2394526795895097 0.45577155613431297 0.06578370318393122 
13 0.678386506681549 0.3523813700552583 0.35500573590053647 0.07016928339619333 
13 0.7179177130809538 0.4938163319007105 0.4433696090286175 0.12498903604946932 
13 0.737295755433603 0.6292211209543023 0.4945276408396119 0.07565125866152088 
13 0.2528446966173689 0.602359442154197 0.4433696090286176 0.19515831944566264 
13 0.24974420984094506 0.337031839312341 0.4433696090286176 0.2565564424173318 
4 0.7318699035748613 0.24000087711604245 0.47127399001643255 0.07345846855538986 
11 0.678386506681549 0.35183317252872554 0.3705081697826558 0.06907288834312775 
5 0.7140421046104238 0.49326813437417766 0.43871887886398153 0.11950706078414176 
3 0.7403962422100269 0.6303175160073679 0.5007286143924596 0.0778440487676519 
1 0.2536198183114749 0.602359442154197 0.4480203391932534 0.19735110955179366 
0 0.24819396645273312 0.33648364178580825 0.44957058258146537 0.26203841768265945 
14 0.7241186866338015 0.748728181738444 0.44026912225219367 0.07126567844925884 
14 0.49933339534306886 0.1588676431891939 0.5518866462034541 0.042759407069555305 
14 0.58382166000062 0.09034295237259889 0.7456670697299476 0.07016928339619333 
14 0.3373329612749202 0.03826418735198667 0.27749356648993895 0.0317954565389001 
14 0.11874864353703528 0.07389702657661609 0.16587604253867855 0.10963950530655207 
6 0.7241186866338015 0.7481799842119113 0.4464700958050414 0.07455486360845537 
8 0.11409791337239943 0.07554161915621437 0.16897652931510249 0.11512148057187965 
7 0.3350075961926022 0.03990877993158495 0.2635413759960314 0.03289185159196562 
9 0.5915728769416798 0.09198754495219717 0.761169503612067 0.07565125866152092 
10 0.5032090038135987 0.1550302605034646 0.5658388366973615 0.035084641698096664 
