13 0.8053129711735112 0.9206681025381139 0.29263887022855195 0.08967861818488958 
13 0.3413945989520355 0.9361142784745977 0.6247480854494156 0.08045103256049677 
13 0.3216146416468867 0.7618037079268549 0.5792168629734128 0.22171544406436083 
13 0.3432606326600683 0.43398158706026435 0.5777240360069864 0.41070146543350655 
13 0.3454998731097078 0.12516364711347608 0.6001164405033813 0.19004180919802355 
0 0.3477391135593473 0.12357996537015922 0.5926523056712496 0.18898602136914566 
2 0.3447534596264946 0.43292579923138647 0.5866809978055443 0.4128130410912623 
1 0.3283323629958051 0.7602200261835381 0.5866809978055443 0.22065965623548287 
4 0.33941660322152056 0.9345305967312808 0.6327347097197965 0.08361839604713041 
3 0.8038201442070849 0.9202669031631404 0.2956245241614046 0.09732252206596562 
14 0.8075298192186542 0.2054035221081971 0.13584725394479524 0.0739051480214536 
14 0.8045665576902982 0.39273195658600446 0.29413169719497817 0.17405718146881205 
14 0.787376655171899 0.5559250812956628 0.21198142923253774 0.1245829638075932 
14 0.7903623091047516 0.7391042696059799 0.2089957752996849 0.17420499176485488 
14 0.8023049248361621 0.10140842096372313 0.20302446743397964 0.12986190295198277 
8 0.806036992252228 0.0982410574770894 0.21048860226611132 0.13197347860973857 
7 0.8090226461850806 0.2032919464504413 0.13286160001194258 0.0717935723636978 
9 0.8030737307238718 0.3880125849909203 0.29711735112783083 0.17095316525191098 
10 0.7888694821383253 0.5569808691245407 0.2030244674339798 0.13725241775412814 
6 0.7903623091047516 0.750190041809198 0.18809619776971664 0.17948393090924447 
