13 0.6260502898955136 0.3104332953249715 0.5735900536384212 0.12060345583720723 
13 0.6384522370012091 0.5417726515217963 0.6355997891668992 0.2784843434786422 
13 0.6299258983660435 0.7725638101920884 0.637150032555111 0.1260854311025349 
13 0.5190834961088892 0.8975528462415578 0.3968623073822591 0.05810893781247258 
13 0.18345580256100205 0.6716954653100605 0.23408675162000434 0.509823699675467 
5 0.6182990729544539 0.30824050521884044 0.5642885933091496 0.12718182615560036 
2 0.6276005332837256 0.5384834663625998 0.6200973552847798 0.2872555039031664 
0 0.6376771153071032 0.7731120077186211 0.6495519796608067 0.1271818261556004 
11 0.5252844696617368 0.8953600561354268 0.39996279415868297 0.06249451802473462 
4 0.17725482900815426 0.6695026752039296 0.24028772517285216 0.5142092798877291 
14 0.19275726289027376 0.30933690027190597 0.26199113260781937 0.1337601964739935 
14 0.5059064273090875 0.10102184018945706 0.49452764083961176 0.037277431804227705 
14 0.5043561839208756 0.0631962108586966 0.4015130375468949 0.04714498728181738 
14 0.5105571574737233 0.14652223489167618 0.8789880011161751 0.05591614770634156 
9 0.18965677611384985 0.3104332953249715 0.2681921061606672 0.14033856679238665 
10 0.5121074008619353 0.14652223489167618 0.8789880011161751 0.06249451802473469 
9 0.5020308188385576 0.1004736426629243 0.4991783710042476 0.04056661696342425 
7 0.4973800886739218 0.06484080343829489 0.39996279415868297 0.05481975265327602 
