13 0.31290112547669985 0.3844399614068942 0.5704895668619974 0.20502587492325236 
13 0.795801940904722 0.41513902289272875 0.370508169782656 0.2510744671520042 
13 0.6640312529067063 0.6267432681343742 0.12556971444516785 0.08880799929830714 
13 0.30825039531206394 0.5954960091220068 0.5549871329798779 0.1469169371107798 
13 0.30514990853564006 0.8312209455310938 0.5580876197563017 0.24997807209893863 
0 0.31057576039438195 0.38279536882729587 0.5658388366973616 0.20831506008244896 
4 0.8004526710693578 0.41404262783966317 0.38291011688835147 0.25765283747039736 
3 0.6632561312126004 0.6250986755547759 0.13022044460980367 0.08990439435137265 
1 0.30825039531206394 0.5971406017016051 0.5580876197563017 0.15239891237610734 
2 0.30825039531206394 0.8317691430576264 0.5611881065327256 0.2554600473642663 
14 0.673332713235978 0.7522805017103763 0.13487117477443966 0.06578370318393129 
14 0.8120794964809475 0.11582317340584158 0.3286515983009332 0.10415753004122447 
14 0.7849502371872383 0.20463117270414877 0.25889064583139537 0.06030172791860364 
14 0.2997240566768983 0.14542583983861065 0.22168480451430886 0.09757915972283132 
14 0.2981738132886863 0.08019033418121216 0.2092828574086131 0.03289185159196563 
14 0.5245093479676308 0.13555828436102096 0.21548383096146084 0.14801333216384527 
6 0.67100734815366 0.7489913165511797 0.12401947105695592 0.06359091307780027 
9 0.8151799832573714 0.11527497587930882 0.33485257185378114 0.10525392509428998 
10 0.7818497504108145 0.2051793702306815 0.2557901590549715 0.05043417244101394 
10 0.3012743000651102 0.1487150249978072 0.21238334418503696 0.09977194982896236 
8 0.521408861191207 0.13446188930795544 0.21238334418503696 0.15020612226997632 
7 0.2973986915945803 0.07744934654854838 0.21703407434967287 0.036181036751162174 
