13 0.6840271779812287 0.42168920019547157 0.6664939252605517 0.417413259488516 
13 0.676109863534289 0.7993972959765433 0.6564173432371739 0.25044795569310974 
13 0.15572637761271374 0.6853722104577291 0.24903552714919103 0.09773578758755493 
1 0.6689123049461623 0.42372536243687897 0.6391432026256694 0.42352174621273825 
0 0.6710715725226002 0.797361133735136 0.6434617377785455 0.24841179345170228 
3 0.14708930730696146 0.6889354943801921 0.24615650371394027 0.09671770646685127 
14 0.6408418264524672 0.10608405277732529 0.6089134565555362 0.09569962534614761 
14 0.14493003973052335 0.08775859260465874 0.2188057810790579 0.14253135689851767 
14 0.14780906316577416 0.3921648476950643 0.290781366960327 0.35429223000488674 
14 0.13917199286002185 0.8462290275289135 0.2533540623020671 0.13642287017429547 
8 0.14852881902458678 0.08877667372536242 0.23751943340818793 0.14863984362273988 
9 0.6379628030172165 0.10710213389802899 0.6089134565555363 0.097735787587555 
10 0.15068808660102487 0.3947100504968236 0.28790234352507627 0.36752728457403483 
6 0.14277077215408526 0.8492832708910245 0.2663096677606956 0.14456751913992513 
