13 0.6775493752519146 0.2600320147355495 0.6424828698105602 0.20399526357337078 
13 0.6736737667813847 0.4964147881764758 0.6502340867516202 0.19873256731865627 
13 0.6814249837224444 0.8027804578545742 0.6347316528695006 0.33343566353828613 
13 0.17337922053762442 0.9024866239803527 0.2790438098781509 0.162266467853697 
13 0.1741543422317304 0.631677045873169 0.2836945400427867 0.3069906148583458 
13 0.16097727343192877 0.2824752214718007 0.2511394288903357 0.15678449258836943 
3 0.16175239512603473 0.2824752214718007 0.24958918550212378 0.1589772826945005 
0 0.6783244969460206 0.26300324532935704 0.6409326264223484 0.20774493465485486 
1 0.6759991318637026 0.4960310499079028 0.6455833565869842 0.20235067099377246 
2 0.6829752271106564 0.8033286553811069 0.6316311660930768 0.3323392684852206 
4 0.17337922053762442 0.6311288483466363 0.27594332310172703 0.30589421980528025 
5 0.17802995070226024 0.901390228927287 0.2821442966545748 0.16665204806595918 
14 0.18190555917279008 0.4211691956845891 0.2836945400427867 0.06578370318393122 
14 0.674107834930084 0.08019033418121216 0.6324993023904752 0.026313481273572498 
14 0.582643475025579 0.10814840803438294 0.4371686354757698 0.029602666432769046 
14 0.49272935850928595 0.050587667748443116 0.2573404024431836 0.03069906148583458 
14 0.18733141103153195 0.09937724760985878 0.3007472173131182 0.14582054205771425 
8 0.1873314110315319 0.09718445750372774 0.3162496511952376 0.15239891237610734 
7 0.5012556971444516 0.0494912726953776 0.2836945400427867 0.03289185159196563 
9 0.6764332000124019 0.0785457416016139 0.640250519331535 0.0317954565389001 
10 0.581868353331473 0.10376282782212087 0.4418193656404056 0.036181036751162174 
10 0.17725482900815426 0.4145908253661959 0.2836945400427867 0.06578370318393122 
