13 0.7144451678913589 0.15612665555653016 0.48212569373391606 0.22366459082536622 
13 0.7237466282206306 0.5935882817296729 0.5100300747217315 0.5306552056837119 
13 0.6976560319970235 0.9520765722305061 0.4547483954980933 0.09641698096658197 
13 0.19821411961677982 0.6456670467502851 0.27749356648993895 0.09319357951056931 
13 0.14007999255883175 0.9521094640820981 0.2294360214553685 0.043855802122620816 
5 0.13387901900598392 0.9537540566616963 0.2325365082317924 0.044952197175686326 
4 0.7043685858679812 0.9504648715024999 0.4743744767928566 0.08880799929830714 
1 0.7245217499147366 0.5946846767827384 0.5177812916627912 0.5284624155775809 
4 0.19666387622856787 0.6489562319094816 0.27129259293709124 0.10196473993509339 
0 0.7175456546677829 0.15557845802999737 0.4821256937339163 0.2247609858784317 
14 0.2268936222987009 0.12159021138496624 0.2666418627724552 0.1918691342864661 
14 0.22766874399280687 0.24383825980177176 0.3333023284655692 0.043855802122620816 
14 0.23231947415744275 0.4066529251820016 0.35810622267696035 0.27080957810718354 
14 0.22999410907512477 0.7892947987018682 0.34415403218305274 0.07565125866152088 
10 0.23076923076923073 0.7914875888079993 0.34570427557126465 0.08880799929830727 
9 0.23464483923976062 0.4082975177615999 0.37205841317086785 0.2762915533725112 
7 0.22999410907512477 0.24383825980177176 0.3472545189594766 0.04824138233488292 
8 0.2284438656869128 0.12213840891149899 0.2790438098781508 0.19515831944566264 
