13 0.6683099246581713 0.3153670730637664 0.6542027098254425 0.18748355407420403 
13 0.6628840727994295 0.5182001578808877 0.6402505193315351 0.16336286290676258 
13 0.6704027532322575 0.774197438821156 0.6583883669736149 0.2828479957898431 
13 0.6605587077171116 0.9660775370581528 0.582891513967693 0.05481975265327605 
13 0.18540910923014914 0.6557977370406105 0.28989551359563465 0.29821945443382153 
13 0.1838588658419372 0.8701429699149197 0.2526896722785478 0.08880799929830714 
1 0.6665271447617276 0.315125866152092 0.6661395839146746 0.19357951056924833 
0 0.6605587077171116 0.5198447504604858 0.6387002759433232 0.1666520480659591 
2 0.6665271447617276 0.7743838259801772 0.6661395839146746 0.2876063503201474 
5 0.6752860199051252 0.9671739321112184 0.609245651567296 0.05920533286553809 
3 0.18463398753604318 0.8717875624945182 0.25423991566675974 0.09867555477589686 
4 0.18773447431246704 0.6563459345671433 0.29454624376027044 0.3015086395930182 
14 0.6551328558583698 0.1640645557407245 0.5937432176851765 0.0646873081308657 
14 0.6435060304467801 0.07525655644241733 0.5239822652156388 0.062494518024734665 
14 0.17998325737140727 0.09115428471186739 0.18602920658543387 0.10963950530655207 
14 0.16293058010107586 0.17667309885097798 0.23563699500821628 0.04824138233488289 
14 0.190059839394785 0.3553854925006578 0.2929960003720584 0.22366459082536622 
7 0.6450562738349921 0.07361196386281905 0.5239822652156388 0.0635909130778002 
8 0.1861842309242551 0.09334707481799842 0.18602920658543387 0.12060345583720727 
9 0.6621089511053235 0.16077537058152794 0.6045949214026602 0.06688009823699675 
9 0.16138033671286392 0.18160687658977284 0.2325365082317924 0.051530567494079485 
10 0.19316032617120887 0.3553854925006578 0.28989551359563454 0.23243575124989033 
